Datum (Ortszeit);Stunde des Tages (Ortszeit);Vollständigkeit;ZScore_Det0;ZScore_Det1;ZScore_Det2;hist_cor;localTime;month;qkfz;qlkw;qpkw;utc;vkfz;vlkw;vpkw
2023-09-01;0;100.00;0.00;0.24;0.00;0.92;2023-09-01 00:00:00+02:00;8.00;223.00;9.00;214.00;2023-08-31 22:00:00+00:00;48.00;46.00;48.00
2023-09-01;1;100.00;0.00;0.24;0.00;0.92;2023-09-01 01:00:00+02:00;8.00;152.00;4.00;148.00;2023-08-31 23:00:00+00:00;49.00;49.00;49.00
2023-09-01;2;100.00;0.00;0.56;0.00;0.93;2023-09-01 02:00:00+02:00;9.00;112.00;5.00;107.00;2023-09-01 00:00:00+00:00;48.00;51.00;48.00
2023-09-01;3;100.00;0.00;0.56;0.00;0.93;2023-09-01 03:00:00+02:00;9.00;68.00;7.00;61.00;2023-09-01 01:00:00+00:00;49.00;47.00;50.00
2023-09-01;4;100.00;0.00;0.56;0.00;0.93;2023-09-01 04:00:00+02:00;9.00;89.00;9.00;80.00;2023-09-01 02:00:00+00:00;48.00;49.00;47.00
2023-09-01;5;100.00;0.00;0.56;0.00;0.93;2023-09-01 05:00:00+02:00;9.00;153.00;13.00;140.00;2023-09-01 03:00:00+00:00;43.00;42.00;43.00
2023-09-01;6;100.00;0.00;0.56;0.00;0.93;2023-09-01 06:00:00+02:00;9.00;385.00;27.00;358.00;2023-09-01 04:00:00+00:00;40.00;40.00;40.00
2023-09-01;7;100.00;0.00;0.56;0.00;0.93;2023-09-01 07:00:00+02:00;9.00;580.00;42.00;538.00;2023-09-01 05:00:00+00:00;36.00;36.00;36.00
2023-09-01;8;100.00;0.00;0.56;0.00;0.93;2023-09-01 08:00:00+02:00;9.00;701.00;62.00;639.00;2023-09-01 06:00:00+00:00;32.00;32.00;32.00
2023-09-01;9;100.00;0.00;0.56;0.00;0.93;2023-09-01 09:00:00+02:00;9.00;621.00;47.00;574.00;2023-09-01 07:00:00+00:00;37.00;37.00;37.00
2023-09-01;10;100.00;0.00;0.56;0.00;0.93;2023-09-01 10:00:00+02:00;9.00;659.00;46.00;613.00;2023-09-01 08:00:00+00:00;38.00;37.00;38.00
2023-09-01;11;100.00;0.00;0.56;0.00;0.93;2023-09-01 11:00:00+02:00;9.00;671.00;60.00;611.00;2023-09-01 09:00:00+00:00;36.00;36.00;36.00
2023-09-01;12;100.00;0.00;0.56;0.00;0.93;2023-09-01 12:00:00+02:00;9.00;713.00;48.00;665.00;2023-09-01 10:00:00+00:00;37.00;38.00;37.00
2023-09-01;13;100.00;0.00;0.56;0.00;0.93;2023-09-01 13:00:00+02:00;9.00;706.00;47.00;659.00;2023-09-01 11:00:00+00:00;36.00;36.00;36.00
2023-09-01;14;100.00;0.00;0.56;0.00;0.93;2023-09-01 14:00:00+02:00;9.00;651.00;54.00;597.00;2023-09-01 12:00:00+00:00;34.00;32.00;34.00
2023-09-01;15;100.00;0.00;0.56;0.00;0.93;2023-09-01 15:00:00+02:00;9.00;705.00;39.00;666.00;2023-09-01 13:00:00+00:00;34.00;35.00;34.00
2023-09-01;16;100.00;0.00;0.56;0.00;0.93;2023-09-01 16:00:00+02:00;9.00;695.00;30.00;665.00;2023-09-01 14:00:00+00:00;31.00;31.00;31.00
2023-09-01;17;100.00;0.00;0.56;0.00;0.93;2023-09-01 17:00:00+02:00;9.00;660.00;34.00;626.00;2023-09-01 15:00:00+00:00;34.00;34.00;34.00
2023-09-01;18;100.00;0.00;0.56;0.00;0.93;2023-09-01 18:00:00+02:00;9.00;709.00;36.00;673.00;2023-09-01 16:00:00+00:00;36.00;36.00;36.00
2023-09-01;19;100.00;0.00;0.56;0.00;0.93;2023-09-01 19:00:00+02:00;9.00;686.00;20.00;666.00;2023-09-01 17:00:00+00:00;36.00;34.00;37.00
2023-09-01;20;100.00;0.00;0.56;0.00;0.93;2023-09-01 20:00:00+02:00;9.00;605.00;18.00;587.00;2023-09-01 18:00:00+00:00;40.00;40.00;40.00
2023-09-01;21;100.00;0.00;0.56;0.00;0.93;2023-09-01 21:00:00+02:00;9.00;515.00;15.00;500.00;2023-09-01 19:00:00+00:00;42.00;43.00;42.00
2023-09-01;22;100.00;0.00;0.56;0.00;0.93;2023-09-01 22:00:00+02:00;9.00;473.00;15.00;458.00;2023-09-01 20:00:00+00:00;43.00;43.00;43.00
2023-09-01;23;100.00;0.00;0.56;0.00;0.93;2023-09-01 23:00:00+02:00;9.00;414.00;8.00;406.00;2023-09-01 21:00:00+00:00;45.00;45.00;45.00
2023-09-02;0;100.00;0.00;0.56;0.00;0.93;2023-09-02 00:00:00+02:00;9.00;322.00;9.00;313.00;2023-09-01 22:00:00+00:00;46.00;45.00;46.00
2023-09-02;1;100.00;0.00;0.56;0.00;0.93;2023-09-02 01:00:00+02:00;9.00;268.00;6.00;262.00;2023-09-01 23:00:00+00:00;49.00;48.00;49.00
2023-09-02;2;100.00;0.00;1.38;0.00;0.92;2023-09-02 02:00:00+02:00;9.00;202.00;7.00;195.00;2023-09-02 00:00:00+00:00;48.00;48.00;48.00
2023-09-02;3;100.00;0.00;1.38;0.00;0.92;2023-09-02 03:00:00+02:00;9.00;158.00;3.00;155.00;2023-09-02 01:00:00+00:00;49.00;49.00;49.00
2023-09-02;4;100.00;0.00;1.38;0.00;0.92;2023-09-02 04:00:00+02:00;9.00;98.00;1.00;97.00;2023-09-02 02:00:00+00:00;51.00;54.00;51.00
2023-09-02;5;100.00;0.00;1.38;0.00;0.92;2023-09-02 05:00:00+02:00;9.00;136.00;3.00;133.00;2023-09-02 03:00:00+00:00;50.00;51.00;50.00
2023-09-02;6;100.00;0.00;1.38;0.00;0.92;2023-09-02 06:00:00+02:00;9.00;164.00;11.00;153.00;2023-09-02 04:00:00+00:00;50.00;50.00;50.00
2023-09-02;7;100.00;0.00;1.38;0.00;0.92;2023-09-02 07:00:00+02:00;9.00;215.00;11.00;204.00;2023-09-02 05:00:00+00:00;48.00;49.00;48.00
2023-09-02;8;100.00;0.00;1.38;0.00;0.92;2023-09-02 08:00:00+02:00;9.00;287.00;27.00;260.00;2023-09-02 06:00:00+00:00;43.00;43.00;43.00
2023-09-02;9;100.00;0.00;1.38;0.00;0.92;2023-09-02 09:00:00+02:00;9.00;435.00;24.00;411.00;2023-09-02 07:00:00+00:00;43.00;43.00;43.00
2023-09-02;10;100.00;0.00;1.38;0.00;0.92;2023-09-02 10:00:00+02:00;9.00;542.00;30.00;512.00;2023-09-02 08:00:00+00:00;41.00;40.00;41.00
2023-09-02;11;100.00;0.00;1.38;0.00;0.92;2023-09-02 11:00:00+02:00;9.00;641.00;19.00;622.00;2023-09-02 09:00:00+00:00;40.00;40.00;40.00
2023-09-02;12;100.00;0.00;1.38;0.00;0.92;2023-09-02 12:00:00+02:00;9.00;643.00;25.00;618.00;2023-09-02 10:00:00+00:00;41.00;40.00;41.00
2023-09-02;13;100.00;0.00;1.38;0.00;0.92;2023-09-02 13:00:00+02:00;9.00;696.00;36.00;660.00;2023-09-02 11:00:00+00:00;40.00;40.00;40.00
2023-09-02;14;100.00;0.00;1.38;0.00;0.92;2023-09-02 14:00:00+02:00;9.00;685.00;30.00;655.00;2023-09-02 12:00:00+00:00;40.00;38.00;40.00
2023-09-02;15;100.00;0.00;1.38;0.00;0.92;2023-09-02 15:00:00+02:00;9.00;703.00;34.00;669.00;2023-09-02 13:00:00+00:00;40.00;39.00;40.00
2023-09-02;16;100.00;0.00;1.38;0.00;0.92;2023-09-02 16:00:00+02:00;9.00;706.00;34.00;672.00;2023-09-02 14:00:00+00:00;40.00;40.00;40.00
2023-09-02;17;100.00;0.00;1.38;0.00;0.92;2023-09-02 17:00:00+02:00;9.00;669.00;20.00;649.00;2023-09-02 15:00:00+00:00;40.00;40.00;40.00
2023-09-02;18;100.00;0.00;1.38;0.00;0.92;2023-09-02 18:00:00+02:00;9.00;676.00;24.00;652.00;2023-09-02 16:00:00+00:00;39.00;38.00;39.00
2023-09-02;19;100.00;0.00;1.38;0.00;0.92;2023-09-02 19:00:00+02:00;9.00;651.00;25.00;626.00;2023-09-02 17:00:00+00:00;36.00;36.00;36.00
2023-09-02;20;100.00;0.00;1.38;0.00;0.92;2023-09-02 20:00:00+02:00;9.00;612.00;16.00;596.00;2023-09-02 18:00:00+00:00;40.00;41.00;40.00
2023-09-02;21;100.00;0.00;1.38;0.00;0.92;2023-09-02 21:00:00+02:00;9.00;518.00;12.00;506.00;2023-09-02 19:00:00+00:00;42.00;42.00;41.00
2023-09-02;22;100.00;0.00;1.38;0.00;0.92;2023-09-02 22:00:00+02:00;9.00;476.00;13.00;463.00;2023-09-02 20:00:00+00:00;40.00;40.00;40.00
2023-09-02;23;100.00;0.00;1.38;0.00;0.92;2023-09-02 23:00:00+02:00;9.00;416.00;9.00;407.00;2023-09-02 21:00:00+00:00;44.00;44.00;44.00
2023-09-03;0;100.00;0.00;1.38;0.00;0.92;2023-09-03 00:00:00+02:00;9.00;353.00;10.00;343.00;2023-09-02 22:00:00+00:00;48.00;47.00;48.00
2023-09-03;1;100.00;0.00;1.38;0.00;0.92;2023-09-03 01:00:00+02:00;9.00;263.00;2.00;261.00;2023-09-02 23:00:00+00:00;49.00;47.00;49.00
2023-09-03;2;100.00;0.00;1.28;0.00;0.92;2023-09-03 02:00:00+02:00;9.00;221.00;3.00;218.00;2023-09-03 00:00:00+00:00;48.00;53.00;48.00
2023-09-03;3;100.00;0.00;1.28;0.00;0.92;2023-09-03 03:00:00+02:00;9.00;164.00;2.00;162.00;2023-09-03 01:00:00+00:00;51.00;53.00;51.00
2023-09-03;4;100.00;0.00;1.28;0.00;0.92;2023-09-03 04:00:00+02:00;9.00;166.00;3.00;163.00;2023-09-03 02:00:00+00:00;51.00;52.00;51.00
2023-09-03;5;100.00;0.00;1.28;0.00;0.92;2023-09-03 05:00:00+02:00;9.00;129.00;3.00;126.00;2023-09-03 03:00:00+00:00;52.00;53.00;52.00
2023-09-03;6;100.00;0.00;1.28;0.00;0.92;2023-09-03 06:00:00+02:00;9.00;130.00;3.00;127.00;2023-09-03 04:00:00+00:00;49.00;50.00;49.00
2023-09-03;7;100.00;0.00;1.28;0.00;0.92;2023-09-03 07:00:00+02:00;9.00;151.00;11.00;140.00;2023-09-03 05:00:00+00:00;49.00;49.00;49.00
2023-09-03;8;100.00;0.00;1.28;0.00;0.92;2023-09-03 08:00:00+02:00;9.00;199.00;14.00;185.00;2023-09-03 06:00:00+00:00;46.00;46.00;46.00
2023-09-03;9;100.00;0.00;1.28;0.00;0.92;2023-09-03 09:00:00+02:00;9.00;277.00;10.00;267.00;2023-09-03 07:00:00+00:00;42.00;42.00;42.00
2023-09-03;10;100.00;0.00;1.28;0.00;0.92;2023-09-03 10:00:00+02:00;9.00;468.00;20.00;448.00;2023-09-03 08:00:00+00:00;41.00;41.00;41.00
2023-09-03;11;100.00;0.00;1.28;0.00;0.92;2023-09-03 11:00:00+02:00;9.00;498.00;15.00;483.00;2023-09-03 09:00:00+00:00;42.00;43.00;42.00
2023-09-03;12;100.00;0.00;1.28;0.00;0.92;2023-09-03 12:00:00+02:00;9.00;568.00;26.00;542.00;2023-09-03 10:00:00+00:00;41.00;39.00;42.00
2023-09-03;13;100.00;0.00;1.28;0.00;0.92;2023-09-03 13:00:00+02:00;9.00;599.00;23.00;576.00;2023-09-03 11:00:00+00:00;42.00;41.00;42.00
2023-09-03;14;100.00;0.00;1.28;0.00;0.92;2023-09-03 14:00:00+02:00;9.00;654.00;39.00;615.00;2023-09-03 12:00:00+00:00;39.00;38.00;39.00
2023-09-03;15;100.00;0.00;1.28;0.00;0.92;2023-09-03 15:00:00+02:00;9.00;645.00;28.00;617.00;2023-09-03 13:00:00+00:00;38.00;38.00;38.00
2023-09-03;16;100.00;0.00;1.28;0.00;0.92;2023-09-03 16:00:00+02:00;9.00;646.00;30.00;616.00;2023-09-03 14:00:00+00:00;40.00;40.00;40.00
2023-09-03;17;100.00;0.00;1.28;0.00;0.92;2023-09-03 17:00:00+02:00;9.00;713.00;28.00;685.00;2023-09-03 15:00:00+00:00;40.00;41.00;40.00
2023-09-03;18;100.00;0.00;1.28;0.00;0.92;2023-09-03 18:00:00+02:00;9.00;669.00;28.00;641.00;2023-09-03 16:00:00+00:00;39.00;39.00;39.00
2023-09-03;19;100.00;0.00;1.28;0.00;0.92;2023-09-03 19:00:00+02:00;9.00;567.00;22.00;545.00;2023-09-03 17:00:00+00:00;43.00;43.00;43.00
2023-09-03;20;100.00;0.00;1.28;0.00;0.92;2023-09-03 20:00:00+02:00;9.00;512.00;14.00;498.00;2023-09-03 18:00:00+00:00;43.00;43.00;43.00
2023-09-03;21;100.00;0.00;1.28;0.00;0.92;2023-09-03 21:00:00+02:00;9.00;401.00;11.00;390.00;2023-09-03 19:00:00+00:00;44.00;44.00;44.00
2023-09-03;22;100.00;0.00;1.28;0.00;0.92;2023-09-03 22:00:00+02:00;9.00;348.00;13.00;335.00;2023-09-03 20:00:00+00:00;44.00;44.00;44.00
2023-09-03;23;100.00;0.00;1.28;0.00;0.92;2023-09-03 23:00:00+02:00;9.00;284.00;12.00;272.00;2023-09-03 21:00:00+00:00;46.00;46.00;46.00
2023-09-04;0;100.00;0.00;1.28;0.00;0.92;2023-09-04 00:00:00+02:00;9.00;177.00;8.00;169.00;2023-09-03 22:00:00+00:00;47.00;47.00;47.00
2023-09-04;1;100.00;0.00;1.28;0.00;0.92;2023-09-04 01:00:00+02:00;9.00;112.00;6.00;106.00;2023-09-03 23:00:00+00:00;47.00;49.00;47.00
2023-09-04;2;100.00;0.00;-0.12;0.00;0.90;2023-09-04 02:00:00+02:00;9.00;79.00;4.00;75.00;2023-09-04 00:00:00+00:00;48.00;46.00;48.00
2023-09-04;3;100.00;0.00;-0.12;0.00;0.90;2023-09-04 03:00:00+02:00;9.00;62.00;6.00;56.00;2023-09-04 01:00:00+00:00;49.00;49.00;49.00
2023-09-04;4;100.00;0.00;-0.12;0.00;0.90;2023-09-04 04:00:00+02:00;9.00;98.00;30.00;68.00;2023-09-04 02:00:00+00:00;48.00;47.00;48.00
2023-09-04;5;100.00;0.00;-0.12;0.00;0.90;2023-09-04 05:00:00+02:00;9.00;202.00;36.00;166.00;2023-09-04 03:00:00+00:00;46.00;46.00;46.00
2023-09-04;6;100.00;0.00;-0.12;0.00;0.90;2023-09-04 06:00:00+02:00;9.00;415.00;55.00;360.00;2023-09-04 04:00:00+00:00;40.00;41.00;40.00
2023-09-04;7;100.00;0.00;-0.12;0.00;0.90;2023-09-04 07:00:00+02:00;9.00;635.00;71.00;564.00;2023-09-04 05:00:00+00:00;35.00;35.00;35.00
2023-09-04;8;100.00;0.00;-0.12;0.00;0.90;2023-09-04 08:00:00+02:00;9.00;690.00;59.00;631.00;2023-09-04 06:00:00+00:00;32.00;32.00;32.00
2023-09-04;9;100.00;0.00;-0.12;0.00;0.90;2023-09-04 09:00:00+02:00;9.00;506.00;58.00;448.00;2023-09-04 07:00:00+00:00;25.00;24.00;25.00
2023-09-04;10;100.00;0.00;-0.12;0.00;0.90;2023-09-04 10:00:00+02:00;9.00;694.00;76.00;618.00;2023-09-04 08:00:00+00:00;36.00;35.00;37.00
2023-09-04;11;100.00;0.00;-0.12;0.00;0.90;2023-09-04 11:00:00+02:00;9.00;641.00;66.00;575.00;2023-09-04 09:00:00+00:00;31.00;31.00;31.00
2023-09-04;12;100.00;0.00;-0.12;0.00;0.90;2023-09-04 12:00:00+02:00;9.00;621.00;86.00;535.00;2023-09-04 10:00:00+00:00;38.00;38.00;38.00
2023-09-04;13;100.00;0.00;-0.12;0.00;0.90;2023-09-04 13:00:00+02:00;9.00;630.00;71.00;559.00;2023-09-04 11:00:00+00:00;37.00;38.00;37.00
2023-09-04;14;100.00;0.00;-0.12;0.00;0.90;2023-09-04 14:00:00+02:00;9.00;648.00;63.00;585.00;2023-09-04 12:00:00+00:00;37.00;35.00;38.00
2023-09-04;15;100.00;0.00;-0.12;0.00;0.90;2023-09-04 15:00:00+02:00;9.00;645.00;59.00;586.00;2023-09-04 13:00:00+00:00;31.00;30.00;31.00
2023-09-04;16;100.00;0.00;-0.12;0.00;0.90;2023-09-04 16:00:00+02:00;9.00;631.00;43.00;588.00;2023-09-04 14:00:00+00:00;33.00;32.00;33.00
2023-09-04;17;100.00;0.00;-0.12;0.00;0.90;2023-09-04 17:00:00+02:00;9.00;660.00;37.00;623.00;2023-09-04 15:00:00+00:00;35.00;35.00;35.00
2023-09-04;18;100.00;0.00;-0.12;0.00;0.90;2023-09-04 18:00:00+02:00;9.00;614.00;25.00;589.00;2023-09-04 16:00:00+00:00;34.00;34.00;34.00
2023-09-04;19;100.00;0.00;-0.12;0.00;0.90;2023-09-04 19:00:00+02:00;9.00;642.00;35.00;607.00;2023-09-04 17:00:00+00:00;38.00;38.00;38.00
2023-09-04;20;100.00;0.00;-0.12;0.00;0.90;2023-09-04 20:00:00+02:00;9.00;503.00;37.00;466.00;2023-09-04 18:00:00+00:00;41.00;41.00;41.00
2023-09-04;21;100.00;0.00;-0.12;0.00;0.90;2023-09-04 21:00:00+02:00;9.00;471.00;26.00;445.00;2023-09-04 19:00:00+00:00;42.00;43.00;42.00
2023-09-04;22;100.00;0.00;-0.12;0.00;0.90;2023-09-04 22:00:00+02:00;9.00;361.00;27.00;334.00;2023-09-04 20:00:00+00:00;43.00;44.00;43.00
2023-09-04;23;100.00;0.00;-0.12;0.00;0.90;2023-09-04 23:00:00+02:00;9.00;255.00;27.00;228.00;2023-09-04 21:00:00+00:00;47.00;47.00;46.00
2023-09-05;0;100.00;0.00;-0.12;0.00;0.90;2023-09-05 00:00:00+02:00;9.00;194.00;19.00;175.00;2023-09-04 22:00:00+00:00;47.00;47.00;47.00
2023-09-05;1;100.00;0.00;-0.12;0.00;0.90;2023-09-05 01:00:00+02:00;9.00;114.00;9.00;105.00;2023-09-04 23:00:00+00:00;48.00;48.00;48.00
2023-09-05;2;100.00;0.00;-0.54;0.00;0.93;2023-09-05 02:00:00+02:00;9.00;73.00;4.00;69.00;2023-09-05 00:00:00+00:00;49.00;48.00;49.00
2023-09-05;3;100.00;0.00;-0.54;0.00;0.93;2023-09-05 03:00:00+02:00;9.00;60.00;5.00;55.00;2023-09-05 01:00:00+00:00;46.00;47.00;46.00
2023-09-05;4;100.00;0.00;-0.54;0.00;0.93;2023-09-05 04:00:00+02:00;9.00;119.00;32.00;87.00;2023-09-05 02:00:00+00:00;47.00;47.00;47.00
2023-09-05;5;100.00;0.00;-0.54;0.00;0.93;2023-09-05 05:00:00+02:00;9.00;184.00;34.00;150.00;2023-09-05 03:00:00+00:00;46.00;46.00;46.00
2023-09-05;6;100.00;0.00;-0.54;0.00;0.93;2023-09-05 06:00:00+02:00;9.00;454.00;77.00;377.00;2023-09-05 04:00:00+00:00;39.00;39.00;39.00
2023-09-05;7;100.00;0.00;-0.54;0.00;0.93;2023-09-05 07:00:00+02:00;9.00;562.00;67.00;495.00;2023-09-05 05:00:00+00:00;37.00;37.00;37.00
2023-09-05;8;100.00;0.00;-0.54;0.00;0.93;2023-09-05 08:00:00+02:00;9.00;624.00;55.00;569.00;2023-09-05 06:00:00+00:00;26.00;26.00;26.00
2023-09-05;9;100.00;0.00;-0.54;0.00;0.93;2023-09-05 09:00:00+02:00;9.00;647.00;60.00;587.00;2023-09-05 07:00:00+00:00;29.00;29.00;29.00
2023-09-05;10;100.00;0.00;-0.54;0.00;0.93;2023-09-05 10:00:00+02:00;9.00;695.00;63.00;632.00;2023-09-05 08:00:00+00:00;35.00;35.00;35.00
2023-09-05;11;100.00;0.00;-0.54;0.00;0.93;2023-09-05 11:00:00+02:00;9.00;718.00;60.00;658.00;2023-09-05 09:00:00+00:00;38.00;38.00;38.00
2023-09-05;12;92.00;0.00;-0.54;0.00;0.93;2023-09-05 12:00:00+02:00;9.00;643.00;69.00;574.00;2023-09-05 10:00:00+00:00;38.00;37.00;38.00
2023-09-05;13;75.00;0.00;-0.54;0.00;0.93;2023-09-05 13:00:00+02:00;9.00;619.00;92.00;527.00;2023-09-05 11:00:00+00:00;32.00;31.00;33.00
2023-09-05;14;83.00;0.00;-0.54;0.00;0.93;2023-09-05 14:00:00+02:00;9.00;631.00;52.00;580.00;2023-09-05 12:00:00+00:00;40.00;40.00;40.00
2023-09-05;15;75.00;0.00;-0.54;0.00;0.93;2023-09-05 15:00:00+02:00;9.00;697.00;51.00;647.00;2023-09-05 13:00:00+00:00;34.00;34.00;34.00
2023-09-05;16;83.00;0.00;-0.54;0.00;0.93;2023-09-05 16:00:00+02:00;9.00;697.00;40.00;658.00;2023-09-05 14:00:00+00:00;33.00;32.00;33.00
2023-09-05;17;83.00;0.00;-0.54;0.00;0.93;2023-09-05 17:00:00+02:00;9.00;674.00;46.00;629.00;2023-09-05 15:00:00+00:00;36.00;35.00;36.00
2023-09-05;18;83.00;0.00;-0.54;0.00;0.93;2023-09-05 18:00:00+02:00;9.00;671.00;37.00;634.00;2023-09-05 16:00:00+00:00;36.00;35.00;36.00
2023-09-05;19;75.00;0.00;-0.54;0.00;0.93;2023-09-05 19:00:00+02:00;9.00;600.00;39.00;561.00;2023-09-05 17:00:00+00:00;37.00;37.00;37.00
2023-09-05;20;75.00;0.00;-0.54;0.00;0.93;2023-09-05 20:00:00+02:00;9.00;543.00;31.00;512.00;2023-09-05 18:00:00+00:00;41.00;41.00;41.00
2023-09-05;21;83.00;0.00;-0.54;0.00;0.93;2023-09-05 21:00:00+02:00;9.00;440.00;23.00;418.00;2023-09-05 19:00:00+00:00;42.00;43.00;42.00
2023-09-05;22;67.00;0.00;-0.54;0.00;0.93;2023-09-05 22:00:00+02:00;9.00;440.00;20.00;420.00;2023-09-05 20:00:00+00:00;43.00;43.00;43.00
2023-09-05;23;92.00;0.00;-0.54;0.00;0.93;2023-09-05 23:00:00+02:00;9.00;337.00;17.00;320.00;2023-09-05 21:00:00+00:00;46.00;47.00;46.00
2023-09-06;0;83.00;0.00;-0.54;0.00;0.93;2023-09-06 00:00:00+02:00;9.00;185.00;13.00;172.00;2023-09-05 22:00:00+00:00;49.00;48.00;49.00
2023-09-06;1;83.00;0.00;-0.54;0.00;0.93;2023-09-06 01:00:00+02:00;9.00;114.00;12.00;102.00;2023-09-05 23:00:00+00:00;50.00;51.00;50.00
2023-09-06;2;83.00;-1.50;0.22;0.00;0.93;2023-09-06 02:00:00+02:00;9.00;78.00;6.00;72.00;2023-09-06 00:00:00+00:00;51.00;50.00;51.00
2023-09-06;3;67.00;-1.50;0.22;0.00;0.93;2023-09-06 03:00:00+02:00;9.00;74.00;6.00;68.00;2023-09-06 01:00:00+00:00;49.00;50.00;49.00
2023-09-06;4;75.00;-1.50;0.22;0.00;0.93;2023-09-06 04:00:00+02:00;9.00;112.00;31.00;81.00;2023-09-06 02:00:00+00:00;47.00;47.00;47.00
2023-09-06;5;67.00;-1.50;0.22;0.00;0.93;2023-09-06 05:00:00+02:00;9.00;224.00;30.00;194.00;2023-09-06 03:00:00+00:00;47.00;47.00;47.00
2023-09-06;6;75.00;-1.50;0.22;0.00;0.93;2023-09-06 06:00:00+02:00;9.00;457.00;59.00;399.00;2023-09-06 04:00:00+00:00;40.00;39.00;40.00
2023-09-06;7;75.00;-1.50;0.22;0.00;0.93;2023-09-06 07:00:00+02:00;9.00;535.00;68.00;467.00;2023-09-06 05:00:00+00:00;36.00;35.00;36.00
2023-09-06;8;75.00;-1.50;0.22;0.00;0.93;2023-09-06 08:00:00+02:00;9.00;584.00;55.00;529.00;2023-09-06 06:00:00+00:00;27.00;31.00;27.00
2023-09-06;9;83.00;-1.50;0.22;0.00;0.93;2023-09-06 09:00:00+02:00;9.00;718.00;65.00;653.00;2023-09-06 07:00:00+00:00;33.00;32.00;33.00
2023-09-06;10;75.00;-1.50;0.22;0.00;0.93;2023-09-06 10:00:00+02:00;9.00;635.00;60.00;575.00;2023-09-06 08:00:00+00:00;38.00;38.00;38.00
2023-09-06;11;83.00;-1.50;0.22;0.00;0.93;2023-09-06 11:00:00+02:00;9.00;673.00;68.00;605.00;2023-09-06 09:00:00+00:00;37.00;36.00;37.00
2023-09-06;12;67.00;-1.50;0.22;0.00;0.93;2023-09-06 12:00:00+02:00;9.00;693.00;66.00;627.00;2023-09-06 10:00:00+00:00;38.00;38.00;38.00
2023-09-06;13;83.00;-1.50;0.22;0.00;0.93;2023-09-06 13:00:00+02:00;9.00;649.00;70.00;580.00;2023-09-06 11:00:00+00:00;38.00;38.00;38.00
2023-09-06;14;83.00;-1.50;0.22;0.00;0.93;2023-09-06 14:00:00+02:00;9.00;656.00;56.00;600.00;2023-09-06 12:00:00+00:00;37.00;36.00;37.00
2023-09-06;15;75.00;-1.50;0.22;0.00;0.93;2023-09-06 15:00:00+02:00;9.00;623.00;47.00;576.00;2023-09-06 13:00:00+00:00;30.00;30.00;30.00
2023-09-06;16;83.00;-1.50;0.22;0.00;0.93;2023-09-06 16:00:00+02:00;9.00;665.00;56.00;608.00;2023-09-06 14:00:00+00:00;35.00;32.00;35.00
2023-09-06;17;75.00;-1.50;0.22;0.00;0.93;2023-09-06 17:00:00+02:00;9.00;683.00;57.00;625.00;2023-09-06 15:00:00+00:00;32.00;31.00;32.00
2023-09-06;18;75.00;-1.50;0.22;0.00;0.93;2023-09-06 18:00:00+02:00;9.00;683.00;61.00;621.00;2023-09-06 16:00:00+00:00;35.00;34.00;35.00
2023-09-06;19;75.00;-1.50;0.22;0.00;0.93;2023-09-06 19:00:00+02:00;9.00;620.00;41.00;579.00;2023-09-06 17:00:00+00:00;40.00;40.00;40.00
2023-09-06;20;83.00;-1.50;0.22;0.00;0.93;2023-09-06 20:00:00+02:00;9.00;580.00;37.00;542.00;2023-09-06 18:00:00+00:00;41.00;41.00;41.00
2023-09-06;21;75.00;-1.50;0.22;0.00;0.93;2023-09-06 21:00:00+02:00;9.00;487.00;24.00;463.00;2023-09-06 19:00:00+00:00;42.00;40.00;42.00
2023-09-06;22;58.00;-1.50;0.22;0.00;0.93;2023-09-06 22:00:00+02:00;9.00;394.00;15.00;379.00;2023-09-06 20:00:00+00:00;44.00;44.00;44.00
2023-09-06;23;83.00;-1.50;0.22;0.00;0.93;2023-09-06 23:00:00+02:00;9.00;314.00;22.00;293.00;2023-09-06 21:00:00+00:00;46.00;46.00;46.00
2023-09-07;0;75.00;-1.50;0.22;0.00;0.93;2023-09-07 00:00:00+02:00;9.00;209.00;19.00;191.00;2023-09-06 22:00:00+00:00;48.00;48.00;48.00
2023-09-07;1;75.00;-1.50;0.22;0.00;0.93;2023-09-07 01:00:00+02:00;9.00;175.00;16.00;159.00;2023-09-06 23:00:00+00:00;48.00;47.00;48.00
2023-09-07;2;75.00;0.00;-0.31;0.00;0.92;2023-09-07 02:00:00+02:00;9.00;99.00;4.00;95.00;2023-09-07 00:00:00+00:00;45.00;46.00;45.00
2023-09-07;3;75.00;0.00;-0.31;0.00;0.92;2023-09-07 03:00:00+02:00;9.00;71.00;3.00;68.00;2023-09-07 01:00:00+00:00;47.00;50.00;47.00
2023-09-07;4;75.00;0.00;-0.31;0.00;0.92;2023-09-07 04:00:00+02:00;9.00;91.00;29.00;61.00;2023-09-07 02:00:00+00:00;50.00;51.00;49.00
2023-09-07;5;83.00;0.00;-0.31;0.00;0.92;2023-09-07 05:00:00+02:00;9.00;197.00;37.00;160.00;2023-09-07 03:00:00+00:00;46.00;46.00;46.00
2023-09-07;6;67.00;0.00;-0.31;0.00;0.92;2023-09-07 06:00:00+02:00;9.00;458.00;51.00;406.00;2023-09-07 04:00:00+00:00;36.00;35.00;36.00
2023-09-07;7;100.00;0.00;-0.31;0.00;0.92;2023-09-07 07:00:00+02:00;9.00;571.00;59.00;512.00;2023-09-07 05:00:00+00:00;36.00;37.00;36.00
2023-09-07;8;83.00;0.00;-0.31;0.00;0.92;2023-09-07 08:00:00+02:00;9.00;563.00;52.00;511.00;2023-09-07 06:00:00+00:00;26.00;29.00;26.00
2023-09-07;9;67.00;0.00;-0.31;0.00;0.92;2023-09-07 09:00:00+02:00;9.00;710.00;78.00;632.00;2023-09-07 07:00:00+00:00;33.00;32.00;33.00
2023-09-07;10;92.00;0.00;-0.31;0.00;0.92;2023-09-07 10:00:00+02:00;9.00;712.00;81.00;632.00;2023-09-07 08:00:00+00:00;34.00;34.00;34.00
2023-09-07;11;75.00;0.00;-0.31;0.00;0.92;2023-09-07 11:00:00+02:00;9.00;685.00;67.00;619.00;2023-09-07 09:00:00+00:00;33.00;34.00;33.00
2023-09-07;12;75.00;0.00;-0.31;0.00;0.92;2023-09-07 12:00:00+02:00;9.00;668.00;60.00;608.00;2023-09-07 10:00:00+00:00;35.00;35.00;35.00
2023-09-07;13;100.00;0.00;-0.31;0.00;0.92;2023-09-07 13:00:00+02:00;9.00;666.00;66.00;600.00;2023-09-07 11:00:00+00:00;38.00;37.00;38.00
2023-09-07;14;83.00;0.00;-0.31;0.00;0.92;2023-09-07 14:00:00+02:00;9.00;677.00;59.00;618.00;2023-09-07 12:00:00+00:00;35.00;35.00;35.00
2023-09-07;15;75.00;0.00;-0.31;0.00;0.92;2023-09-07 15:00:00+02:00;9.00;681.00;44.00;637.00;2023-09-07 13:00:00+00:00;33.00;33.00;33.00
2023-09-07;16;92.00;0.00;-0.31;0.00;0.92;2023-09-07 16:00:00+02:00;9.00;694.00;45.00;649.00;2023-09-07 14:00:00+00:00;37.00;36.00;37.00
2023-09-07;17;92.00;0.00;-0.31;0.00;0.92;2023-09-07 17:00:00+02:00;9.00;617.00;22.00;596.00;2023-09-07 15:00:00+00:00;32.00;31.00;32.00
2023-09-07;18;83.00;0.00;-0.31;0.00;0.92;2023-09-07 18:00:00+02:00;9.00;680.00;44.00;636.00;2023-09-07 16:00:00+00:00;35.00;35.00;35.00
2023-09-07;19;100.00;0.00;-0.31;0.00;0.92;2023-09-07 19:00:00+02:00;9.00;695.00;31.00;664.00;2023-09-07 17:00:00+00:00;36.00;38.00;36.00
2023-09-07;20;83.00;0.00;-0.31;0.00;0.92;2023-09-07 20:00:00+02:00;9.00;602.00;30.00;572.00;2023-09-07 18:00:00+00:00;41.00;41.00;41.00
2023-09-07;21;100.00;0.00;-0.31;0.00;0.92;2023-09-07 21:00:00+02:00;9.00;524.00;28.00;496.00;2023-09-07 19:00:00+00:00;41.00;42.00;40.00
2023-09-07;22;100.00;0.00;-0.31;0.00;0.92;2023-09-07 22:00:00+02:00;9.00;434.00;23.00;411.00;2023-09-07 20:00:00+00:00;43.00;43.00;43.00
2023-09-07;23;92.00;0.00;-0.31;0.00;0.92;2023-09-07 23:00:00+02:00;9.00;314.00;21.00;293.00;2023-09-07 21:00:00+00:00;46.00;46.00;45.00
2023-09-08;0;83.00;0.00;-0.31;0.00;0.92;2023-09-08 00:00:00+02:00;9.00;246.00;14.00;232.00;2023-09-07 22:00:00+00:00;47.00;46.00;47.00
2023-09-08;1;100.00;0.00;-0.31;0.00;0.92;2023-09-08 01:00:00+02:00;9.00;162.00;8.00;154.00;2023-09-07 23:00:00+00:00;47.00;46.00;47.00
2023-09-08;2;75.00;0.00;0.15;0.00;0.92;2023-09-08 02:00:00+02:00;9.00;136.00;5.00;131.00;2023-09-08 00:00:00+00:00;50.00;52.00;50.00
2023-09-08;3;92.00;0.00;0.15;0.00;0.92;2023-09-08 03:00:00+02:00;9.00;98.00;7.00;92.00;2023-09-08 01:00:00+00:00;47.00;44.00;47.00
2023-09-08;4;92.00;0.00;0.15;0.00;0.92;2023-09-08 04:00:00+02:00;9.00;131.00;29.00;101.00;2023-09-08 02:00:00+00:00;45.00;45.00;45.00
2023-09-08;5;100.00;0.00;0.15;0.00;0.92;2023-09-08 05:00:00+02:00;9.00;208.00;35.00;173.00;2023-09-08 03:00:00+00:00;43.00;43.00;43.00
2023-09-08;6;92.00;0.00;0.15;0.00;0.92;2023-09-08 06:00:00+02:00;9.00;413.00;45.00;369.00;2023-09-08 04:00:00+00:00;40.00;41.00;40.00
2023-09-08;7;100.00;0.00;0.15;0.00;0.92;2023-09-08 07:00:00+02:00;9.00;506.00;36.00;470.00;2023-09-08 05:00:00+00:00;37.00;37.00;37.00
2023-09-08;8;92.00;0.00;0.15;0.00;0.92;2023-09-08 08:00:00+02:00;9.00;617.00;36.00;581.00;2023-09-08 06:00:00+00:00;33.00;31.00;33.00
2023-09-08;9;92.00;0.00;0.15;0.00;0.92;2023-09-08 09:00:00+02:00;9.00;636.00;65.00;571.00;2023-09-08 07:00:00+00:00;37.00;37.00;37.00
2023-09-08;10;83.00;0.00;0.15;0.00;0.92;2023-09-08 10:00:00+02:00;9.00;664.00;74.00;589.00;2023-09-08 08:00:00+00:00;34.00;34.00;34.00
2023-09-08;11;100.00;0.00;0.15;0.00;0.92;2023-09-08 11:00:00+02:00;9.00;702.00;63.00;639.00;2023-09-08 09:00:00+00:00;30.00;30.00;30.00
2023-09-08;12;92.00;0.00;0.15;0.00;0.92;2023-09-08 12:00:00+02:00;9.00;682.00;59.00;623.00;2023-09-08 10:00:00+00:00;34.00;34.00;34.00
2023-09-08;13;100.00;0.00;0.15;0.00;0.92;2023-09-08 13:00:00+02:00;9.00;681.00;69.00;612.00;2023-09-08 11:00:00+00:00;37.00;36.00;37.00
2023-09-08;14;92.00;0.00;0.15;0.00;0.92;2023-09-08 14:00:00+02:00;9.00;593.00;46.00;548.00;2023-09-08 12:00:00+00:00;32.00;30.00;33.00
2023-09-08;15;100.00;0.00;0.15;0.00;0.92;2023-09-08 15:00:00+02:00;9.00;674.00;38.00;636.00;2023-09-08 13:00:00+00:00;30.00;30.00;30.00
2023-09-08;16;83.00;0.00;0.15;0.00;0.92;2023-09-08 16:00:00+02:00;9.00;709.00;48.00;661.00;2023-09-08 14:00:00+00:00;34.00;34.00;34.00
2023-09-08;17;92.00;0.00;0.15;0.00;0.92;2023-09-08 17:00:00+02:00;9.00;653.00;36.00;617.00;2023-09-08 15:00:00+00:00;31.00;31.00;31.00
2023-09-08;18;83.00;0.00;0.15;0.00;0.92;2023-09-08 18:00:00+02:00;9.00;679.00;22.00;658.00;2023-09-08 16:00:00+00:00;37.00;37.00;37.00
2023-09-08;19;100.00;0.00;0.15;0.00;0.92;2023-09-08 19:00:00+02:00;9.00;713.00;47.00;666.00;2023-09-08 17:00:00+00:00;35.00;35.00;35.00
2023-09-08;20;100.00;0.00;0.15;0.00;0.92;2023-09-08 20:00:00+02:00;9.00;631.00;32.00;599.00;2023-09-08 18:00:00+00:00;39.00;39.00;39.00
2023-09-08;21;92.00;0.00;0.15;0.00;0.92;2023-09-08 21:00:00+02:00;9.00;565.00;33.00;532.00;2023-09-08 19:00:00+00:00;41.00;42.00;41.00
2023-09-08;22;92.00;0.00;0.15;0.00;0.92;2023-09-08 22:00:00+02:00;9.00;541.00;23.00;518.00;2023-09-08 20:00:00+00:00;41.00;41.00;41.00
2023-09-08;23;100.00;0.00;0.15;0.00;0.92;2023-09-08 23:00:00+02:00;9.00;461.00;21.00;440.00;2023-09-08 21:00:00+00:00;44.00;44.00;44.00
2023-09-09;0;92.00;0.00;0.15;0.00;0.92;2023-09-09 00:00:00+02:00;9.00;362.00;15.00;347.00;2023-09-08 22:00:00+00:00;46.00;46.00;46.00
2023-09-09;1;83.00;0.00;0.15;0.00;0.92;2023-09-09 01:00:00+02:00;9.00;246.00;14.00;232.00;2023-09-08 23:00:00+00:00;47.00;48.00;47.00
2023-09-09;2;92.00;0.00;0.63;0.00;0.90;2023-09-09 02:00:00+02:00;9.00;227.00;11.00;216.00;2023-09-09 00:00:00+00:00;49.00;48.00;49.00
2023-09-09;3;92.00;0.00;0.63;0.00;0.90;2023-09-09 03:00:00+02:00;9.00;169.00;8.00;161.00;2023-09-09 01:00:00+00:00;51.00;51.00;51.00
2023-09-09;4;100.00;0.00;0.63;0.00;0.90;2023-09-09 04:00:00+02:00;9.00;146.00;12.00;134.00;2023-09-09 02:00:00+00:00;51.00;50.00;51.00
2023-09-09;5;92.00;0.00;0.63;0.00;0.90;2023-09-09 05:00:00+02:00;9.00;161.00;12.00;149.00;2023-09-09 03:00:00+00:00;49.00;48.00;49.00
2023-09-09;6;92.00;0.00;0.63;0.00;0.90;2023-09-09 06:00:00+02:00;9.00;195.00;20.00;176.00;2023-09-09 04:00:00+00:00;49.00;48.00;49.00
2023-09-09;7;92.00;0.00;0.63;0.00;0.90;2023-09-09 07:00:00+02:00;9.00;192.00;20.00;172.00;2023-09-09 05:00:00+00:00;49.00;49.00;49.00
2023-09-09;8;75.00;0.00;0.63;0.00;0.90;2023-09-09 08:00:00+02:00;9.00;277.00;39.00;239.00;2023-09-09 06:00:00+00:00;46.00;47.00;46.00
2023-09-09;9;92.00;0.00;0.63;0.00;0.90;2023-09-09 09:00:00+02:00;9.00;472.00;47.00;425.00;2023-09-09 07:00:00+00:00;42.00;42.00;42.00
2023-09-09;10;100.00;0.00;0.63;0.00;0.90;2023-09-09 10:00:00+02:00;9.00;572.00;52.00;520.00;2023-09-09 08:00:00+00:00;40.00;40.00;40.00
2023-09-09;11;92.00;0.00;0.63;0.00;0.90;2023-09-09 11:00:00+02:00;9.00;608.00;46.00;562.00;2023-09-09 09:00:00+00:00;40.00;39.00;40.00
2023-09-09;12;92.00;0.00;0.63;0.00;0.90;2023-09-09 12:00:00+02:00;9.00;679.00;44.00;635.00;2023-09-09 10:00:00+00:00;41.00;41.00;41.00
2023-09-09;13;92.00;0.00;0.63;0.00;0.90;2023-09-09 13:00:00+02:00;9.00;634.00;33.00;601.00;2023-09-09 11:00:00+00:00;39.00;37.00;39.00
2023-09-09;14;83.00;0.00;0.63;0.00;0.90;2023-09-09 14:00:00+02:00;9.00;613.00;43.00;570.00;2023-09-09 12:00:00+00:00;41.00;40.00;41.00
2023-09-09;15;100.00;0.00;0.63;0.00;0.90;2023-09-09 15:00:00+02:00;9.00;655.00;24.00;631.00;2023-09-09 13:00:00+00:00;35.00;33.00;35.00
2023-09-09;16;92.00;0.00;0.63;0.00;0.90;2023-09-09 16:00:00+02:00;9.00;679.00;38.00;640.00;2023-09-09 14:00:00+00:00;38.00;36.00;38.00
2023-09-09;17;100.00;0.00;0.63;0.00;0.90;2023-09-09 17:00:00+02:00;9.00;650.00;31.00;619.00;2023-09-09 15:00:00+00:00;39.00;39.00;39.00
2023-09-09;18;100.00;0.00;0.63;0.00;0.90;2023-09-09 18:00:00+02:00;9.00;693.00;47.00;646.00;2023-09-09 16:00:00+00:00;37.00;36.00;37.00
2023-09-09;19;100.00;0.00;0.63;0.00;0.90;2023-09-09 19:00:00+02:00;9.00;659.00;29.00;630.00;2023-09-09 17:00:00+00:00;36.00;36.00;36.00
2023-09-09;20;100.00;0.00;0.63;0.00;0.90;2023-09-09 20:00:00+02:00;9.00;656.00;29.00;627.00;2023-09-09 18:00:00+00:00;38.00;39.00;38.00
2023-09-09;21;100.00;0.00;0.63;0.00;0.90;2023-09-09 21:00:00+02:00;9.00;631.00;26.00;605.00;2023-09-09 19:00:00+00:00;40.00;40.00;40.00
2023-09-09;22;100.00;0.00;0.63;0.00;0.90;2023-09-09 22:00:00+02:00;9.00;551.00;21.00;530.00;2023-09-09 20:00:00+00:00;42.00;41.00;42.00
2023-09-09;23;100.00;0.00;0.63;0.00;0.90;2023-09-09 23:00:00+02:00;9.00;452.00;22.00;430.00;2023-09-09 21:00:00+00:00;44.00;45.00;44.00
2023-09-10;0;92.00;0.00;0.63;0.00;0.90;2023-09-10 00:00:00+02:00;9.00;358.00;13.00;345.00;2023-09-09 22:00:00+00:00;47.00;47.00;47.00
2023-09-10;1;100.00;0.00;0.63;0.00;0.90;2023-09-10 01:00:00+02:00;9.00;303.00;14.00;289.00;2023-09-09 23:00:00+00:00;47.00;48.00;47.00
2023-09-10;2;100.00;0.00;1.14;0.00;0.92;2023-09-10 02:00:00+02:00;9.00;221.00;11.00;210.00;2023-09-10 00:00:00+00:00;49.00;49.00;49.00
2023-09-10;3;100.00;0.00;1.14;0.00;0.92;2023-09-10 03:00:00+02:00;9.00;204.00;11.00;193.00;2023-09-10 01:00:00+00:00;48.00;49.00;48.00
2023-09-10;4;92.00;0.00;1.14;0.00;0.92;2023-09-10 04:00:00+02:00;9.00;164.00;9.00;155.00;2023-09-10 02:00:00+00:00;52.00;52.00;52.00
2023-09-10;5;100.00;0.00;1.14;0.00;0.92;2023-09-10 05:00:00+02:00;9.00;158.00;9.00;149.00;2023-09-10 03:00:00+00:00;52.00;50.00;52.00
2023-09-10;6;100.00;0.00;1.14;0.00;0.92;2023-09-10 06:00:00+02:00;9.00;160.00;12.00;148.00;2023-09-10 04:00:00+00:00;53.00;51.00;53.00
2023-09-10;7;92.00;0.00;1.14;0.00;0.92;2023-09-10 07:00:00+02:00;9.00;156.00;17.00;139.00;2023-09-10 05:00:00+00:00;50.00;50.00;50.00
2023-09-10;8;100.00;0.00;1.14;0.00;0.92;2023-09-10 08:00:00+02:00;9.00;212.00;16.00;196.00;2023-09-10 06:00:00+00:00;46.00;46.00;46.00
2023-09-10;9;100.00;0.00;1.14;0.00;0.92;2023-09-10 09:00:00+02:00;9.00;310.00;27.00;283.00;2023-09-10 07:00:00+00:00;46.00;46.00;46.00
2023-09-10;10;92.00;0.00;1.14;0.00;0.92;2023-09-10 10:00:00+02:00;9.00;373.00;24.00;349.00;2023-09-10 08:00:00+00:00;45.00;44.00;45.00
2023-09-10;11;92.00;0.00;1.14;0.00;0.92;2023-09-10 11:00:00+02:00;9.00;523.00;24.00;499.00;2023-09-10 09:00:00+00:00;42.00;42.00;42.00
2023-09-10;12;83.00;0.00;1.14;0.00;0.92;2023-09-10 12:00:00+02:00;9.00;512.00;37.00;475.00;2023-09-10 10:00:00+00:00;43.00;43.00;43.00
2023-09-10;13;92.00;0.00;1.14;0.00;0.92;2023-09-10 13:00:00+02:00;9.00;612.00;38.00;574.00;2023-09-10 11:00:00+00:00;43.00;42.00;43.00
2023-09-10;14;100.00;0.00;1.14;0.00;0.92;2023-09-10 14:00:00+02:00;9.00;576.00;39.00;537.00;2023-09-10 12:00:00+00:00;43.00;41.00;43.00
2023-09-10;15;100.00;0.00;1.14;0.00;0.92;2023-09-10 15:00:00+02:00;9.00;603.00;31.00;572.00;2023-09-10 13:00:00+00:00;39.00;39.00;39.00
2023-09-10;16;100.00;0.00;1.14;0.00;0.92;2023-09-10 16:00:00+02:00;9.00;626.00;28.00;598.00;2023-09-10 14:00:00+00:00;41.00;40.00;41.00
2023-09-10;17;100.00;0.00;1.14;0.00;0.92;2023-09-10 17:00:00+02:00;9.00;644.00;29.00;615.00;2023-09-10 15:00:00+00:00;42.00;42.00;42.00
2023-09-10;18;100.00;0.00;1.14;0.00;0.92;2023-09-10 18:00:00+02:00;9.00;585.00;22.00;563.00;2023-09-10 16:00:00+00:00;41.00;41.00;41.00
2023-09-10;19;100.00;0.00;1.14;0.00;0.92;2023-09-10 19:00:00+02:00;9.00;606.00;24.00;582.00;2023-09-10 17:00:00+00:00;38.00;38.00;38.00
2023-09-10;20;100.00;0.00;1.14;0.00;0.92;2023-09-10 20:00:00+02:00;9.00;612.00;23.00;589.00;2023-09-10 18:00:00+00:00;38.00;39.00;38.00
2023-09-10;21;100.00;0.00;1.14;0.00;0.92;2023-09-10 21:00:00+02:00;9.00;471.00;22.00;449.00;2023-09-10 19:00:00+00:00;39.00;39.00;39.00
2023-09-10;22;100.00;0.00;1.14;0.00;0.92;2023-09-10 22:00:00+02:00;9.00;405.00;22.00;383.00;2023-09-10 20:00:00+00:00;44.00;44.00;44.00
2023-09-10;23;92.00;0.00;1.14;0.00;0.92;2023-09-10 23:00:00+02:00;9.00;309.00;16.00;292.00;2023-09-10 21:00:00+00:00;46.00;47.00;46.00
2023-09-11;0;92.00;0.00;1.14;0.00;0.92;2023-09-11 00:00:00+02:00;9.00;208.00;14.00;194.00;2023-09-10 22:00:00+00:00;48.00;49.00;48.00
2023-09-11;1;100.00;0.00;1.14;0.00;0.92;2023-09-11 01:00:00+02:00;9.00;107.00;9.00;98.00;2023-09-10 23:00:00+00:00;47.00;46.00;47.00
2023-09-11;2;100.00;-1.50;-0.73;0.00;0.91;2023-09-11 02:00:00+02:00;9.00;85.00;4.00;81.00;2023-09-11 00:00:00+00:00;49.00;48.00;49.00
2023-09-11;3;100.00;-1.50;-0.73;0.00;0.91;2023-09-11 03:00:00+02:00;9.00;72.00;6.00;66.00;2023-09-11 01:00:00+00:00;49.00;50.00;49.00
2023-09-11;4;100.00;-1.50;-0.73;0.00;0.91;2023-09-11 04:00:00+02:00;9.00;96.00;22.00;74.00;2023-09-11 02:00:00+00:00;50.00;49.00;51.00
2023-09-11;5;92.00;-1.50;-0.73;0.00;0.91;2023-09-11 05:00:00+02:00;9.00;199.00;28.00;170.00;2023-09-11 03:00:00+00:00;45.00;45.00;45.00
2023-09-11;6;92.00;-1.50;-0.73;0.00;0.91;2023-09-11 06:00:00+02:00;9.00;424.00;53.00;371.00;2023-09-11 04:00:00+00:00;42.00;42.00;41.00
2023-09-11;7;75.00;-1.50;-0.73;0.00;0.91;2023-09-11 07:00:00+02:00;9.00;511.00;47.00;464.00;2023-09-11 05:00:00+00:00;36.00;38.00;36.00
2023-09-11;8;92.00;-1.50;-0.73;0.00;0.91;2023-09-11 08:00:00+02:00;9.00;655.00;55.00;600.00;2023-09-11 06:00:00+00:00;30.00;30.00;30.00
2023-09-11;9;100.00;-1.50;-0.73;0.00;0.91;2023-09-11 09:00:00+02:00;9.00;565.00;52.00;513.00;2023-09-11 07:00:00+00:00;29.00;27.00;30.00
2023-09-11;10;100.00;-1.50;-0.73;0.00;0.91;2023-09-11 10:00:00+02:00;9.00;381.00;44.00;337.00;2023-09-11 08:00:00+00:00;20.00;22.00;20.00
2023-09-11;11;100.00;-1.50;-0.73;0.00;0.91;2023-09-11 11:00:00+02:00;9.00;626.00;59.00;567.00;2023-09-11 09:00:00+00:00;35.00;36.00;35.00
2023-09-11;12;100.00;-1.50;-0.73;0.00;0.91;2023-09-11 12:00:00+02:00;9.00;673.00;47.00;626.00;2023-09-11 10:00:00+00:00;39.00;39.00;39.00
2023-09-11;13;100.00;-1.50;-0.73;0.00;0.91;2023-09-11 13:00:00+02:00;9.00;675.00;75.00;600.00;2023-09-11 11:00:00+00:00;38.00;37.00;38.00
2023-09-11;14;100.00;-1.50;-0.73;0.00;0.91;2023-09-11 14:00:00+02:00;9.00;666.00;53.00;613.00;2023-09-11 12:00:00+00:00;38.00;37.00;38.00
2023-09-11;15;100.00;-1.50;-0.73;0.00;0.91;2023-09-11 15:00:00+02:00;9.00;695.00;50.00;645.00;2023-09-11 13:00:00+00:00;34.00;33.00;34.00
2023-09-11;16;100.00;-1.50;-0.73;0.00;0.91;2023-09-11 16:00:00+02:00;9.00;642.00;37.00;605.00;2023-09-11 14:00:00+00:00;37.00;38.00;37.00
2023-09-11;17;83.00;-1.50;-0.73;0.00;0.91;2023-09-11 17:00:00+02:00;9.00;643.00;36.00;607.00;2023-09-11 15:00:00+00:00;36.00;37.00;36.00
2023-09-12;7;17.00;0.00;-2.87;0.00;0.87;2023-09-12 07:00:00+02:00;9.00;588.00;48.00;540.00;2023-09-12 05:00:00+00:00;33.00;33.00;33.00
2023-09-12;8;100.00;0.00;-2.87;0.00;0.87;2023-09-12 08:00:00+02:00;9.00;522.00;36.00;486.00;2023-09-12 06:00:00+00:00;28.00;27.00;29.00
2023-09-12;9;100.00;0.00;-2.87;0.00;0.87;2023-09-12 09:00:00+02:00;9.00;636.00;53.00;583.00;2023-09-12 07:00:00+00:00;32.00;31.00;33.00
2023-09-12;10;83.00;0.00;-2.87;0.00;0.87;2023-09-12 10:00:00+02:00;9.00;665.00;74.00;590.00;2023-09-12 08:00:00+00:00;34.00;33.00;34.00
2023-09-12;11;100.00;0.00;-2.87;0.00;0.87;2023-09-12 11:00:00+02:00;9.00;686.00;49.00;637.00;2023-09-12 09:00:00+00:00;37.00;36.00;37.00
2023-09-12;12;100.00;0.00;-2.87;0.00;0.87;2023-09-12 12:00:00+02:00;9.00;659.00;75.00;584.00;2023-09-12 10:00:00+00:00;36.00;35.00;36.00
2023-09-12;13;100.00;0.00;-2.87;0.00;0.87;2023-09-12 13:00:00+02:00;9.00;676.00;64.00;612.00;2023-09-12 11:00:00+00:00;38.00;38.00;39.00
2023-09-12;14;100.00;0.00;-2.87;0.00;0.87;2023-09-12 14:00:00+02:00;9.00;643.00;73.00;570.00;2023-09-12 12:00:00+00:00;32.00;31.00;33.00
2023-09-12;15;100.00;0.00;-2.87;0.00;0.87;2023-09-12 15:00:00+02:00;9.00;595.00;33.00;562.00;2023-09-12 13:00:00+00:00;29.00;30.00;29.00
2023-09-12;16;100.00;0.00;-2.87;0.00;0.87;2023-09-12 16:00:00+02:00;9.00;571.00;35.00;536.00;2023-09-12 14:00:00+00:00;30.00;30.00;30.00
2023-09-12;17;100.00;0.00;-2.87;0.00;0.87;2023-09-12 17:00:00+02:00;9.00;615.00;44.00;571.00;2023-09-12 15:00:00+00:00;37.00;36.00;37.00
2023-09-12;18;100.00;0.00;-2.87;0.00;0.87;2023-09-12 18:00:00+02:00;9.00;647.00;40.00;607.00;2023-09-12 16:00:00+00:00;38.00;38.00;38.00
2023-09-12;19;100.00;0.00;-2.87;0.00;0.87;2023-09-12 19:00:00+02:00;9.00;616.00;45.00;571.00;2023-09-12 17:00:00+00:00;41.00;41.00;41.00
2023-09-12;20;92.00;0.00;-2.87;0.00;0.87;2023-09-12 20:00:00+02:00;9.00;506.00;35.00;471.00;2023-09-12 18:00:00+00:00;42.00;42.00;42.00
2023-09-12;21;92.00;0.00;-2.87;0.00;0.87;2023-09-12 21:00:00+02:00;9.00;464.00;28.00;435.00;2023-09-12 19:00:00+00:00;43.00;43.00;43.00
2023-09-12;22;92.00;0.00;-2.87;0.00;0.87;2023-09-12 22:00:00+02:00;9.00;374.00;13.00;361.00;2023-09-12 20:00:00+00:00;43.00;43.00;43.00
2023-09-12;23;100.00;0.00;-2.87;0.00;0.87;2023-09-12 23:00:00+02:00;9.00;321.00;21.00;300.00;2023-09-12 21:00:00+00:00;49.00;50.00;49.00
2023-09-13;0;100.00;0.00;-2.87;0.00;0.87;2023-09-13 00:00:00+02:00;9.00;202.00;15.00;187.00;2023-09-12 22:00:00+00:00;50.00;49.00;50.00
2023-09-13;1;100.00;0.00;-2.87;0.00;0.87;2023-09-13 01:00:00+02:00;9.00;114.00;9.00;105.00;2023-09-12 23:00:00+00:00;50.00;47.00;50.00
2023-09-13;2;92.00;0.00;-0.37;0.00;0.91;2023-09-13 02:00:00+02:00;9.00;77.00;3.00;74.00;2023-09-13 00:00:00+00:00;51.00;53.00;50.00
2023-09-13;3;100.00;0.00;-0.37;0.00;0.91;2023-09-13 03:00:00+02:00;9.00;87.00;7.00;80.00;2023-09-13 01:00:00+00:00;49.00;46.00;49.00
2023-09-13;4;92.00;0.00;-0.37;0.00;0.91;2023-09-13 04:00:00+02:00;9.00;106.00;22.00;84.00;2023-09-13 02:00:00+00:00;48.00;47.00;48.00
2023-09-13;5;100.00;0.00;-0.37;0.00;0.91;2023-09-13 05:00:00+02:00;9.00;184.00;38.00;146.00;2023-09-13 03:00:00+00:00;46.00;46.00;46.00
2023-09-13;6;100.00;0.00;-0.37;0.00;0.91;2023-09-13 06:00:00+02:00;9.00;460.00;50.00;410.00;2023-09-13 04:00:00+00:00;38.00;38.00;38.00
2023-09-13;7;100.00;0.00;-0.37;0.00;0.91;2023-09-13 07:00:00+02:00;9.00;604.00;76.00;528.00;2023-09-13 05:00:00+00:00;35.00;35.00;35.00
2023-09-13;8;100.00;0.00;-0.37;0.00;0.91;2023-09-13 08:00:00+02:00;9.00;581.00;58.00;523.00;2023-09-13 06:00:00+00:00;28.00;27.00;28.00
2023-09-13;9;100.00;0.00;-0.37;0.00;0.91;2023-09-13 09:00:00+02:00;9.00;589.00;47.00;542.00;2023-09-13 07:00:00+00:00;27.00;27.00;27.00
2023-09-13;10;100.00;0.00;-0.37;0.00;0.91;2023-09-13 10:00:00+02:00;9.00;654.00;69.00;585.00;2023-09-13 08:00:00+00:00;38.00;38.00;38.00
2023-09-13;11;92.00;0.00;-0.37;0.00;0.91;2023-09-13 11:00:00+02:00;9.00;641.00;51.00;590.00;2023-09-13 09:00:00+00:00;37.00;38.00;37.00
2023-09-13;12;100.00;0.00;-0.37;0.00;0.91;2023-09-13 12:00:00+02:00;9.00;606.00;48.00;558.00;2023-09-13 10:00:00+00:00;33.00;33.00;33.00
2023-09-13;13;100.00;0.00;-0.37;0.00;0.91;2023-09-13 13:00:00+02:00;9.00;659.00;50.00;609.00;2023-09-13 11:00:00+00:00;39.00;39.00;39.00
2023-09-13;14;100.00;0.00;-0.37;0.00;0.91;2023-09-13 14:00:00+02:00;9.00;625.00;58.00;567.00;2023-09-13 12:00:00+00:00;38.00;39.00;38.00
2023-09-13;15;100.00;0.00;-0.37;0.00;0.91;2023-09-13 15:00:00+02:00;9.00;687.00;50.00;637.00;2023-09-13 13:00:00+00:00;37.00;37.00;37.00
2023-09-13;16;100.00;0.00;-0.37;0.00;0.91;2023-09-13 16:00:00+02:00;9.00;685.00;40.00;645.00;2023-09-13 14:00:00+00:00;37.00;36.00;37.00
2023-09-13;17;100.00;0.00;-0.37;0.00;0.91;2023-09-13 17:00:00+02:00;9.00;596.00;48.00;548.00;2023-09-13 15:00:00+00:00;34.00;33.00;34.00
2023-09-13;18;100.00;0.00;-0.37;0.00;0.91;2023-09-13 18:00:00+02:00;9.00;657.00;36.00;621.00;2023-09-13 16:00:00+00:00;36.00;36.00;36.00
2023-09-13;19;92.00;0.00;-0.37;0.00;0.91;2023-09-13 19:00:00+02:00;9.00;616.00;37.00;579.00;2023-09-13 17:00:00+00:00;37.00;37.00;37.00
2023-09-13;20;92.00;0.00;-0.37;0.00;0.91;2023-09-13 20:00:00+02:00;9.00;579.00;25.00;554.00;2023-09-13 18:00:00+00:00;37.00;38.00;37.00
2023-09-13;21;92.00;0.00;-0.37;0.00;0.91;2023-09-13 21:00:00+02:00;9.00;458.00;37.00;421.00;2023-09-13 19:00:00+00:00;44.00;44.00;44.00
2023-09-13;22;92.00;0.00;-0.37;0.00;0.91;2023-09-13 22:00:00+02:00;9.00;375.00;31.00;345.00;2023-09-13 20:00:00+00:00;44.00;45.00;44.00
2023-09-13;23;92.00;0.00;-0.37;0.00;0.91;2023-09-13 23:00:00+02:00;9.00;323.00;20.00;303.00;2023-09-13 21:00:00+00:00;48.00;48.00;48.00
2023-09-14;0;92.00;0.00;-0.37;0.00;0.91;2023-09-14 00:00:00+02:00;9.00;199.00;20.00;179.00;2023-09-13 22:00:00+00:00;51.00;50.00;51.00
2023-09-14;1;100.00;0.00;-0.37;0.00;0.91;2023-09-14 01:00:00+02:00;9.00;144.00;8.00;136.00;2023-09-13 23:00:00+00:00;50.00;50.00;49.00
2023-09-14;2;100.00;0.00;-0.40;0.00;0.89;2023-09-14 02:00:00+02:00;9.00;87.00;3.00;84.00;2023-09-14 00:00:00+00:00;51.00;48.00;51.00
2023-09-14;3;100.00;0.00;-0.40;0.00;0.89;2023-09-14 03:00:00+02:00;9.00;85.00;8.00;77.00;2023-09-14 01:00:00+00:00;49.00;50.00;49.00
2023-09-14;4;92.00;0.00;-0.40;0.00;0.89;2023-09-14 04:00:00+02:00;9.00;106.00;33.00;73.00;2023-09-14 02:00:00+00:00;46.00;47.00;46.00
2023-09-14;5;100.00;0.00;-0.40;0.00;0.89;2023-09-14 05:00:00+02:00;9.00;191.00;31.00;160.00;2023-09-14 03:00:00+00:00;42.00;42.00;43.00
2023-09-14;6;92.00;0.00;-0.40;0.00;0.89;2023-09-14 06:00:00+02:00;9.00;448.00;73.00;375.00;2023-09-14 04:00:00+00:00;41.00;41.00;41.00
2023-09-14;7;100.00;0.00;-0.40;0.00;0.89;2023-09-14 07:00:00+02:00;9.00;559.00;79.00;480.00;2023-09-14 05:00:00+00:00;38.00;38.00;38.00
2023-09-14;8;100.00;0.00;-0.40;0.00;0.89;2023-09-14 08:00:00+02:00;9.00;602.00;47.00;555.00;2023-09-14 06:00:00+00:00;25.00;24.00;25.00
2023-09-14;9;100.00;0.00;-0.40;0.00;0.89;2023-09-14 09:00:00+02:00;9.00;547.00;46.00;501.00;2023-09-14 07:00:00+00:00;26.00;27.00;26.00
2023-09-14;10;100.00;0.00;-0.40;0.00;0.89;2023-09-14 10:00:00+02:00;9.00;646.00;59.00;587.00;2023-09-14 08:00:00+00:00;33.00;33.00;33.00
2023-09-14;11;100.00;0.00;-0.40;0.00;0.89;2023-09-14 11:00:00+02:00;9.00;679.00;49.00;630.00;2023-09-14 09:00:00+00:00;36.00;36.00;36.00
2023-09-14;12;100.00;0.00;-0.40;0.00;0.89;2023-09-14 12:00:00+02:00;9.00;681.00;85.00;596.00;2023-09-14 10:00:00+00:00;36.00;35.00;36.00
2023-09-14;13;92.00;0.00;-0.40;0.00;0.89;2023-09-14 13:00:00+02:00;9.00;689.00;62.00;627.00;2023-09-14 11:00:00+00:00;38.00;37.00;38.00
2023-09-14;14;92.00;0.00;-0.40;0.00;0.89;2023-09-14 14:00:00+02:00;9.00;688.00;83.00;605.00;2023-09-14 12:00:00+00:00;36.00;36.00;36.00
2023-09-14;15;92.00;0.00;-0.40;0.00;0.89;2023-09-14 15:00:00+02:00;9.00;589.00;40.00;549.00;2023-09-14 13:00:00+00:00;31.00;31.00;31.00
2023-09-14;16;92.00;0.00;-0.40;0.00;0.89;2023-09-14 16:00:00+02:00;9.00;502.00;44.00;458.00;2023-09-14 14:00:00+00:00;30.00;26.00;31.00
2023-09-14;17;92.00;0.00;-0.40;0.00;0.89;2023-09-14 17:00:00+02:00;9.00;615.00;45.00;571.00;2023-09-14 15:00:00+00:00;31.00;31.00;31.00
2023-09-14;18;92.00;0.00;-0.40;0.00;0.89;2023-09-14 18:00:00+02:00;9.00;696.00;41.00;655.00;2023-09-14 16:00:00+00:00;32.00;32.00;32.00
2023-09-14;19;100.00;0.00;-0.40;0.00;0.89;2023-09-14 19:00:00+02:00;9.00;642.00;45.00;597.00;2023-09-14 17:00:00+00:00;37.00;37.00;37.00
2023-09-14;20;83.00;0.00;-0.40;0.00;0.89;2023-09-14 20:00:00+02:00;9.00;572.00;32.00;540.00;2023-09-14 18:00:00+00:00;39.00;39.00;39.00
2023-09-14;21;100.00;0.00;-0.40;0.00;0.89;2023-09-14 21:00:00+02:00;9.00;466.00;32.00;434.00;2023-09-14 19:00:00+00:00;41.00;41.00;41.00
2023-09-14;22;100.00;0.00;-0.40;0.00;0.89;2023-09-14 22:00:00+02:00;9.00;444.00;26.00;418.00;2023-09-14 20:00:00+00:00;42.00;43.00;42.00
2023-09-14;23;100.00;0.00;-0.40;0.00;0.89;2023-09-14 23:00:00+02:00;9.00;326.00;23.00;303.00;2023-09-14 21:00:00+00:00;46.00;46.00;46.00
2023-09-15;0;100.00;0.00;-0.40;0.00;0.89;2023-09-15 00:00:00+02:00;9.00;288.00;18.00;270.00;2023-09-14 22:00:00+00:00;47.00;49.00;47.00
2023-09-15;1;100.00;0.00;-0.40;0.00;0.89;2023-09-15 01:00:00+02:00;9.00;143.00;10.00;133.00;2023-09-14 23:00:00+00:00;50.00;51.00;50.00
2023-09-15;2;100.00;0.00;0.99;0.00;0.92;2023-09-15 02:00:00+02:00;9.00;101.00;4.00;97.00;2023-09-15 00:00:00+00:00;49.00;48.00;49.00
2023-09-15;3;100.00;0.00;0.99;0.00;0.92;2023-09-15 03:00:00+02:00;9.00;79.00;4.00;75.00;2023-09-15 01:00:00+00:00;49.00;49.00;49.00
2023-09-15;4;100.00;0.00;0.99;0.00;0.92;2023-09-15 04:00:00+02:00;9.00;76.00;8.00;68.00;2023-09-15 02:00:00+00:00;47.00;45.00;47.00
2023-09-15;5;100.00;0.00;0.99;0.00;0.92;2023-09-15 05:00:00+02:00;9.00;171.00;13.00;158.00;2023-09-15 03:00:00+00:00;46.00;46.00;46.00
2023-09-15;6;42.00;0.00;0.99;0.00;0.92;2023-09-15 06:00:00+02:00;9.00;319.00;34.00;286.00;2023-09-15 04:00:00+00:00;42.00;43.00;42.00
2023-09-15;7;83.00;0.00;0.99;0.00;0.92;2023-09-15 07:00:00+02:00;9.00;575.00;48.00;527.00;2023-09-15 05:00:00+00:00;37.00;38.00;37.00
2023-09-15;8;100.00;0.00;0.99;0.00;0.92;2023-09-15 08:00:00+02:00;9.00;616.00;43.00;573.00;2023-09-15 06:00:00+00:00;33.00;33.00;33.00
2023-09-15;9;100.00;0.00;0.99;0.00;0.92;2023-09-15 09:00:00+02:00;9.00;600.00;49.00;551.00;2023-09-15 07:00:00+00:00;38.00;38.00;38.00
2023-09-15;10;100.00;0.00;0.99;0.00;0.92;2023-09-15 10:00:00+02:00;9.00;733.00;69.00;664.00;2023-09-15 08:00:00+00:00;35.00;34.00;35.00
2023-09-15;11;100.00;0.00;0.99;0.00;0.92;2023-09-15 11:00:00+02:00;9.00;649.00;46.00;603.00;2023-09-15 09:00:00+00:00;39.00;38.00;39.00
2023-09-15;12;100.00;0.00;0.99;0.00;0.92;2023-09-15 12:00:00+02:00;9.00;715.00;55.00;660.00;2023-09-15 10:00:00+00:00;37.00;36.00;37.00
2023-09-15;13;100.00;0.00;0.99;0.00;0.92;2023-09-15 13:00:00+02:00;9.00;672.00;51.00;621.00;2023-09-15 11:00:00+00:00;39.00;38.00;39.00
2023-09-15;14;100.00;0.00;0.99;0.00;0.92;2023-09-15 14:00:00+02:00;9.00;685.00;40.00;645.00;2023-09-15 12:00:00+00:00;38.00;39.00;38.00
2023-09-15;15;100.00;0.00;0.99;0.00;0.92;2023-09-15 15:00:00+02:00;9.00;756.00;46.00;710.00;2023-09-15 13:00:00+00:00;33.00;34.00;33.00
2023-09-15;16;100.00;0.00;0.99;0.00;0.92;2023-09-15 16:00:00+02:00;9.00;630.00;50.00;580.00;2023-09-15 14:00:00+00:00;26.00;24.00;26.00
2023-09-15;17;92.00;0.00;0.99;0.00;0.92;2023-09-15 17:00:00+02:00;9.00;706.00;24.00;682.00;2023-09-15 15:00:00+00:00;35.00;35.00;35.00
2023-09-15;18;100.00;0.00;0.99;0.00;0.92;2023-09-15 18:00:00+02:00;9.00;767.00;27.00;740.00;2023-09-15 16:00:00+00:00;33.00;32.00;33.00
2023-09-15;19;100.00;0.00;0.99;0.00;0.92;2023-09-15 19:00:00+02:00;9.00;686.00;22.00;664.00;2023-09-15 17:00:00+00:00;38.00;39.00;38.00
2023-09-15;20;100.00;0.00;0.99;0.00;0.92;2023-09-15 20:00:00+02:00;9.00;635.00;21.00;614.00;2023-09-15 18:00:00+00:00;39.00;39.00;39.00
2023-09-15;21;100.00;0.00;0.99;0.00;0.92;2023-09-15 21:00:00+02:00;9.00;553.00;24.00;529.00;2023-09-15 19:00:00+00:00;41.00;40.00;41.00
2023-09-15;22;100.00;0.00;0.99;0.00;0.92;2023-09-15 22:00:00+02:00;9.00;435.00;9.00;426.00;2023-09-15 20:00:00+00:00;42.00;41.00;42.00
2023-09-15;23;100.00;0.00;0.99;0.00;0.92;2023-09-15 23:00:00+02:00;9.00;380.00;7.00;373.00;2023-09-15 21:00:00+00:00;44.00;45.00;44.00
2023-09-16;0;100.00;0.00;0.99;0.00;0.92;2023-09-16 00:00:00+02:00;9.00;309.00;11.00;298.00;2023-09-15 22:00:00+00:00;46.00;45.00;46.00
2023-09-16;1;100.00;0.00;0.99;0.00;0.92;2023-09-16 01:00:00+02:00;9.00;269.00;6.00;263.00;2023-09-15 23:00:00+00:00;47.00;47.00;47.00
2023-09-16;2;100.00;0.00;1.86;0.00;0.93;2023-09-16 02:00:00+02:00;9.00;181.00;3.00;178.00;2023-09-16 00:00:00+00:00;50.00;51.00;50.00
2023-09-16;3;100.00;0.00;1.86;0.00;0.93;2023-09-16 03:00:00+02:00;9.00;143.00;2.00;141.00;2023-09-16 01:00:00+00:00;51.00;50.00;51.00
2023-09-16;4;92.00;0.00;1.86;0.00;0.93;2023-09-16 04:00:00+02:00;9.00;141.00;2.00;139.00;2023-09-16 02:00:00+00:00;51.00;50.00;51.00
2023-09-16;5;92.00;0.00;1.86;0.00;0.93;2023-09-16 05:00:00+02:00;9.00;124.00;4.00;120.00;2023-09-16 03:00:00+00:00;49.00;50.00;49.00
2023-09-16;6;92.00;0.00;1.86;0.00;0.93;2023-09-16 06:00:00+02:00;9.00;165.00;11.00;154.00;2023-09-16 04:00:00+00:00;49.00;50.00;49.00
2023-09-16;7;92.00;0.00;1.86;0.00;0.93;2023-09-16 07:00:00+02:00;9.00;190.00;15.00;175.00;2023-09-16 05:00:00+00:00;48.00;48.00;48.00
2023-09-16;8;75.00;0.00;1.86;0.00;0.93;2023-09-16 08:00:00+02:00;9.00;288.00;15.00;273.00;2023-09-16 06:00:00+00:00;42.00;43.00;42.00
2023-09-16;9;92.00;0.00;1.86;0.00;0.93;2023-09-16 09:00:00+02:00;9.00;421.00;23.00;398.00;2023-09-16 07:00:00+00:00;43.00;44.00;43.00
2023-09-16;10;100.00;0.00;1.86;0.00;0.93;2023-09-16 10:00:00+02:00;9.00;526.00;36.00;490.00;2023-09-16 08:00:00+00:00;40.00;40.00;40.00
2023-09-16;11;92.00;0.00;1.86;0.00;0.93;2023-09-16 11:00:00+02:00;9.00;648.00;31.00;617.00;2023-09-16 09:00:00+00:00;38.00;38.00;38.00
2023-09-16;12;75.00;0.00;1.86;0.00;0.93;2023-09-16 12:00:00+02:00;9.00;756.00;21.00;735.00;2023-09-16 10:00:00+00:00;37.00;38.00;37.00
2023-09-16;13;75.00;0.00;1.86;0.00;0.93;2023-09-16 13:00:00+02:00;9.00;645.00;32.00;613.00;2023-09-16 11:00:00+00:00;40.00;40.00;40.00
2023-09-16;14;100.00;0.00;1.86;0.00;0.93;2023-09-16 14:00:00+02:00;9.00;737.00;42.00;695.00;2023-09-16 12:00:00+00:00;39.00;38.00;39.00
2023-09-16;15;100.00;0.00;1.86;0.00;0.93;2023-09-16 15:00:00+02:00;9.00;646.00;25.00;621.00;2023-09-16 13:00:00+00:00;39.00;38.00;39.00
2023-09-16;16;100.00;0.00;1.86;0.00;0.93;2023-09-16 16:00:00+02:00;9.00;724.00;32.00;692.00;2023-09-16 14:00:00+00:00;40.00;40.00;39.00
2023-09-16;17;92.00;0.00;1.86;0.00;0.93;2023-09-16 17:00:00+02:00;9.00;694.00;28.00;665.00;2023-09-16 15:00:00+00:00;37.00;36.00;37.00
2023-09-16;18;100.00;0.00;1.86;0.00;0.93;2023-09-16 18:00:00+02:00;9.00;722.00;23.00;699.00;2023-09-16 16:00:00+00:00;34.00;34.00;34.00
2023-09-16;19;92.00;0.00;1.86;0.00;0.93;2023-09-16 19:00:00+02:00;9.00;723.00;31.00;693.00;2023-09-16 17:00:00+00:00;37.00;37.00;37.00
2023-09-16;20;92.00;0.00;1.86;0.00;0.93;2023-09-16 20:00:00+02:00;9.00;658.00;16.00;641.00;2023-09-16 18:00:00+00:00;41.00;40.00;41.00
2023-09-16;21;100.00;0.00;1.86;0.00;0.93;2023-09-16 21:00:00+02:00;9.00;574.00;18.00;556.00;2023-09-16 19:00:00+00:00;44.00;43.00;44.00
2023-09-16;22;75.00;0.00;1.86;0.00;0.93;2023-09-16 22:00:00+02:00;9.00;572.00;19.00;553.00;2023-09-16 20:00:00+00:00;41.00;41.00;41.00
2023-09-16;23;100.00;0.00;1.86;0.00;0.93;2023-09-16 23:00:00+02:00;9.00;410.00;9.00;401.00;2023-09-16 21:00:00+00:00;44.00;44.00;44.00
2023-09-17;0;100.00;0.00;1.86;0.00;0.93;2023-09-17 00:00:00+02:00;9.00;337.00;10.00;327.00;2023-09-16 22:00:00+00:00;47.00;47.00;47.00
2023-09-17;1;100.00;0.00;1.86;0.00;0.93;2023-09-17 01:00:00+02:00;9.00;284.00;3.00;281.00;2023-09-16 23:00:00+00:00;46.00;46.00;46.00
2023-09-17;2;100.00;-1.50;1.72;0.00;0.93;2023-09-17 02:00:00+02:00;9.00;205.00;3.00;202.00;2023-09-17 00:00:00+00:00;49.00;49.00;49.00
2023-09-17;3;100.00;-1.50;1.72;0.00;0.93;2023-09-17 03:00:00+02:00;9.00;164.00;2.00;162.00;2023-09-17 01:00:00+00:00;49.00;45.00;50.00
2023-09-17;4;100.00;-1.50;1.72;0.00;0.93;2023-09-17 04:00:00+02:00;9.00;151.00;3.00;148.00;2023-09-17 02:00:00+00:00;51.00;54.00;51.00
2023-09-17;5;100.00;-1.50;1.72;0.00;0.93;2023-09-17 05:00:00+02:00;9.00;160.00;2.00;158.00;2023-09-17 03:00:00+00:00;52.00;51.00;52.00
2023-09-17;6;100.00;-1.50;1.72;0.00;0.93;2023-09-17 06:00:00+02:00;9.00;152.00;1.00;151.00;2023-09-17 04:00:00+00:00;49.00;58.00;49.00
2023-09-17;7;100.00;-1.50;1.72;0.00;0.93;2023-09-17 07:00:00+02:00;9.00;146.00;9.00;137.00;2023-09-17 05:00:00+00:00;48.00;47.00;48.00
2023-09-17;8;100.00;-1.50;1.72;0.00;0.93;2023-09-17 08:00:00+02:00;9.00;194.00;11.00;183.00;2023-09-17 06:00:00+00:00;46.00;45.00;46.00
2023-09-17;9;100.00;-1.50;1.72;0.00;0.93;2023-09-17 09:00:00+02:00;9.00;312.00;14.00;298.00;2023-09-17 07:00:00+00:00;45.00;45.00;45.00
2023-09-17;10;100.00;-1.50;1.72;0.00;0.93;2023-09-17 10:00:00+02:00;9.00;454.00;16.00;438.00;2023-09-17 08:00:00+00:00;42.00;42.00;42.00
2023-09-17;11;100.00;-1.50;1.72;0.00;0.93;2023-09-17 11:00:00+02:00;9.00;512.00;15.00;497.00;2023-09-17 09:00:00+00:00;43.00;43.00;43.00
2023-09-17;12;100.00;-1.50;1.72;0.00;0.93;2023-09-17 12:00:00+02:00;9.00;565.00;24.00;541.00;2023-09-17 10:00:00+00:00;43.00;43.00;43.00
2023-09-17;13;100.00;-1.50;1.72;0.00;0.93;2023-09-17 13:00:00+02:00;9.00;623.00;27.00;596.00;2023-09-17 11:00:00+00:00;43.00;42.00;43.00
2023-09-17;14;100.00;-1.50;1.72;0.00;0.93;2023-09-17 14:00:00+02:00;9.00;666.00;33.00;633.00;2023-09-17 12:00:00+00:00;40.00;39.00;40.00
2023-09-17;15;100.00;-1.50;1.72;0.00;0.93;2023-09-17 15:00:00+02:00;9.00;688.00;29.00;659.00;2023-09-17 13:00:00+00:00;40.00;40.00;40.00
2023-09-17;16;92.00;-1.50;1.72;0.00;0.93;2023-09-17 16:00:00+02:00;9.00;644.00;14.00;629.00;2023-09-17 14:00:00+00:00;42.00;42.00;42.00
2023-09-17;17;100.00;-1.50;1.72;0.00;0.93;2023-09-17 17:00:00+02:00;9.00;680.00;15.00;665.00;2023-09-17 15:00:00+00:00;39.00;36.00;39.00
2023-09-17;18;100.00;-1.50;1.72;0.00;0.93;2023-09-17 18:00:00+02:00;9.00;704.00;20.00;684.00;2023-09-17 16:00:00+00:00;37.00;36.00;38.00
2023-09-17;19;100.00;-1.50;1.72;0.00;0.93;2023-09-17 19:00:00+02:00;9.00;650.00;15.00;635.00;2023-09-17 17:00:00+00:00;39.00;38.00;39.00
2023-09-17;20;100.00;-1.50;1.72;0.00;0.93;2023-09-17 20:00:00+02:00;9.00;582.00;16.00;566.00;2023-09-17 18:00:00+00:00;43.00;43.00;43.00
2023-09-17;21;100.00;-1.50;1.72;0.00;0.93;2023-09-17 21:00:00+02:00;9.00;439.00;13.00;426.00;2023-09-17 19:00:00+00:00;42.00;42.00;42.00
2023-09-17;22;100.00;-1.50;1.72;0.00;0.93;2023-09-17 22:00:00+02:00;9.00;396.00;10.00;386.00;2023-09-17 20:00:00+00:00;44.00;44.00;44.00
2023-09-17;23;100.00;-1.50;1.72;0.00;0.93;2023-09-17 23:00:00+02:00;9.00;246.00;13.00;233.00;2023-09-17 21:00:00+00:00;46.00;46.00;46.00
2023-09-18;0;100.00;-1.50;1.72;0.00;0.93;2023-09-18 00:00:00+02:00;9.00;178.00;4.00;174.00;2023-09-17 22:00:00+00:00;45.00;47.00;45.00
2023-09-18;1;100.00;-1.50;1.72;0.00;0.93;2023-09-18 01:00:00+02:00;9.00;102.00;4.00;98.00;2023-09-17 23:00:00+00:00;49.00;48.00;49.00
2023-09-18;2;100.00;0.00;-0.04;0.00;0.92;2023-09-18 02:00:00+02:00;9.00;85.00;5.00;80.00;2023-09-18 00:00:00+00:00;48.00;48.00;48.00
2023-09-18;3;100.00;0.00;-0.04;0.00;0.92;2023-09-18 03:00:00+02:00;9.00;69.00;3.00;66.00;2023-09-18 01:00:00+00:00;49.00;49.00;49.00
2023-09-18;4;100.00;0.00;-0.04;0.00;0.92;2023-09-18 04:00:00+02:00;9.00;74.00;7.00;67.00;2023-09-18 02:00:00+00:00;50.00;49.00;50.00
2023-09-18;5;100.00;0.00;-0.04;0.00;0.92;2023-09-18 05:00:00+02:00;9.00;179.00;12.00;167.00;2023-09-18 03:00:00+00:00;45.00;44.00;45.00
2023-09-18;6;100.00;0.00;-0.04;0.00;0.92;2023-09-18 06:00:00+02:00;9.00;417.00;26.00;391.00;2023-09-18 04:00:00+00:00;41.00;42.00;41.00
2023-09-18;7;100.00;0.00;-0.04;0.00;0.92;2023-09-18 07:00:00+02:00;9.00;594.00;31.00;563.00;2023-09-18 05:00:00+00:00;36.00;36.00;36.00
2023-09-18;8;100.00;0.00;-0.04;0.00;0.92;2023-09-18 08:00:00+02:00;9.00;692.00;41.00;651.00;2023-09-18 06:00:00+00:00;36.00;38.00;36.00
2023-09-18;9;100.00;0.00;-0.04;0.00;0.92;2023-09-18 09:00:00+02:00;9.00;640.00;50.00;590.00;2023-09-18 07:00:00+00:00;33.00;32.00;33.00
2023-09-18;10;100.00;0.00;-0.04;0.00;0.92;2023-09-18 10:00:00+02:00;9.00;636.00;61.00;575.00;2023-09-18 08:00:00+00:00;35.00;34.00;35.00
2023-09-18;11;100.00;0.00;-0.04;0.00;0.92;2023-09-18 11:00:00+02:00;9.00;683.00;54.00;629.00;2023-09-18 09:00:00+00:00;38.00;38.00;38.00
2023-09-18;12;92.00;0.00;-0.04;0.00;0.92;2023-09-18 12:00:00+02:00;9.00;658.00;25.00;633.00;2023-09-18 10:00:00+00:00;38.00;37.00;38.00
2023-09-18;13;92.00;0.00;-0.04;0.00;0.92;2023-09-18 13:00:00+02:00;9.00;645.00;24.00;621.00;2023-09-18 11:00:00+00:00;39.00;40.00;39.00
2023-09-18;14;92.00;0.00;-0.04;0.00;0.92;2023-09-18 14:00:00+02:00;9.00;700.00;20.00;681.00;2023-09-18 12:00:00+00:00;36.00;34.00;36.00
2023-09-18;15;100.00;0.00;-0.04;0.00;0.92;2023-09-18 15:00:00+02:00;9.00;663.00;27.00;636.00;2023-09-18 13:00:00+00:00;35.00;34.00;35.00
2023-09-18;16;100.00;0.00;-0.04;0.00;0.92;2023-09-18 16:00:00+02:00;9.00;700.00;36.00;664.00;2023-09-18 14:00:00+00:00;37.00;37.00;37.00
2023-09-18;17;100.00;0.00;-0.04;0.00;0.92;2023-09-18 17:00:00+02:00;9.00;680.00;23.00;657.00;2023-09-18 15:00:00+00:00;37.00;35.00;37.00
2023-09-18;18;100.00;0.00;-0.04;0.00;0.92;2023-09-18 18:00:00+02:00;9.00;640.00;31.00;609.00;2023-09-18 16:00:00+00:00;39.00;38.00;39.00
2023-09-18;19;100.00;0.00;-0.04;0.00;0.92;2023-09-18 19:00:00+02:00;9.00;617.00;25.00;592.00;2023-09-18 17:00:00+00:00;41.00;41.00;41.00
2023-09-18;20;100.00;0.00;-0.04;0.00;0.92;2023-09-18 20:00:00+02:00;9.00;459.00;24.00;435.00;2023-09-18 18:00:00+00:00;42.00;43.00;42.00
2023-09-18;21;100.00;0.00;-0.04;0.00;0.92;2023-09-18 21:00:00+02:00;9.00;441.00;16.00;425.00;2023-09-18 19:00:00+00:00;45.00;45.00;45.00
2023-09-18;22;100.00;0.00;-0.04;0.00;0.92;2023-09-18 22:00:00+02:00;9.00;341.00;11.00;330.00;2023-09-18 20:00:00+00:00;46.00;46.00;46.00
2023-09-18;23;100.00;0.00;-0.04;0.00;0.92;2023-09-18 23:00:00+02:00;9.00;236.00;9.00;227.00;2023-09-18 21:00:00+00:00;47.00;47.00;47.00
2023-09-19;0;100.00;0.00;-0.04;0.00;0.92;2023-09-19 00:00:00+02:00;9.00;164.00;5.00;159.00;2023-09-18 22:00:00+00:00;48.00;47.00;48.00
2023-09-19;1;100.00;0.00;-0.04;0.00;0.92;2023-09-19 01:00:00+02:00;9.00;83.00;2.00;81.00;2023-09-18 23:00:00+00:00;49.00;45.00;49.00
2023-09-19;2;100.00;0.00;-0.05;0.00;0.90;2023-09-19 02:00:00+02:00;9.00;75.00;4.00;71.00;2023-09-19 00:00:00+00:00;47.00;47.00;47.00
2023-09-19;3;100.00;0.00;-0.05;0.00;0.90;2023-09-19 03:00:00+02:00;9.00;73.00;5.00;68.00;2023-09-19 01:00:00+00:00;47.00;46.00;47.00
2023-09-19;4;100.00;0.00;-0.05;0.00;0.90;2023-09-19 04:00:00+02:00;9.00;80.00;7.00;73.00;2023-09-19 02:00:00+00:00;46.00;47.00;46.00
2023-09-19;5;100.00;0.00;-0.05;0.00;0.90;2023-09-19 05:00:00+02:00;9.00;157.00;16.00;141.00;2023-09-19 03:00:00+00:00;45.00;46.00;45.00
2023-09-19;6;100.00;0.00;-0.05;0.00;0.90;2023-09-19 06:00:00+02:00;9.00;440.00;29.00;411.00;2023-09-19 04:00:00+00:00;41.00;41.00;40.00
2023-09-19;7;100.00;0.00;-0.05;0.00;0.90;2023-09-19 07:00:00+02:00;9.00;656.00;49.00;607.00;2023-09-19 05:00:00+00:00;34.00;35.00;34.00
2023-09-19;8;100.00;0.00;-0.05;0.00;0.90;2023-09-19 08:00:00+02:00;9.00;498.00;36.00;462.00;2023-09-19 06:00:00+00:00;21.00;21.00;21.00
2023-09-19;9;100.00;0.00;-0.05;0.00;0.90;2023-09-19 09:00:00+02:00;9.00;570.00;29.00;541.00;2023-09-19 07:00:00+00:00;36.00;34.00;36.00
2023-09-19;10;92.00;0.00;-0.05;0.00;0.90;2023-09-19 10:00:00+02:00;9.00;703.00;57.00;646.00;2023-09-19 08:00:00+00:00;36.00;35.00;36.00
2023-09-19;11;92.00;0.00;-0.05;0.00;0.90;2023-09-19 11:00:00+02:00;9.00;664.00;45.00;620.00;2023-09-19 09:00:00+00:00;36.00;36.00;36.00
2023-09-19;12;92.00;0.00;-0.05;0.00;0.90;2023-09-19 12:00:00+02:00;9.00;671.00;67.00;604.00;2023-09-19 10:00:00+00:00;38.00;38.00;38.00
2023-09-19;13;92.00;0.00;-0.05;0.00;0.90;2023-09-19 13:00:00+02:00;9.00;682.00;64.00;617.00;2023-09-19 11:00:00+00:00;37.00;37.00;37.00
2023-09-19;14;100.00;0.00;-0.05;0.00;0.90;2023-09-19 14:00:00+02:00;9.00;631.00;59.00;572.00;2023-09-19 12:00:00+00:00;36.00;34.00;36.00
2023-09-19;15;100.00;0.00;-0.05;0.00;0.90;2023-09-19 15:00:00+02:00;9.00;631.00;40.00;591.00;2023-09-19 13:00:00+00:00;28.00;27.00;29.00
2023-09-19;16;100.00;0.00;-0.05;0.00;0.90;2023-09-19 16:00:00+02:00;9.00;629.00;35.00;594.00;2023-09-19 14:00:00+00:00;27.00;28.00;27.00
2023-09-19;17;100.00;0.00;-0.05;0.00;0.90;2023-09-19 17:00:00+02:00;9.00;712.00;31.00;681.00;2023-09-19 15:00:00+00:00;34.00;33.00;34.00
2023-09-19;18;100.00;0.00;-0.05;0.00;0.90;2023-09-19 18:00:00+02:00;9.00;709.00;22.00;687.00;2023-09-19 16:00:00+00:00;36.00;36.00;37.00
2023-09-19;19;100.00;0.00;-0.05;0.00;0.90;2023-09-19 19:00:00+02:00;9.00;630.00;24.00;606.00;2023-09-19 17:00:00+00:00;40.00;40.00;40.00
2023-09-19;20;100.00;0.00;-0.05;0.00;0.90;2023-09-19 20:00:00+02:00;9.00;492.00;16.00;476.00;2023-09-19 18:00:00+00:00;42.00;41.00;42.00
2023-09-19;21;100.00;0.00;-0.05;0.00;0.90;2023-09-19 21:00:00+02:00;9.00;478.00;13.00;465.00;2023-09-19 19:00:00+00:00;43.00;43.00;43.00
2023-09-19;22;100.00;0.00;-0.05;0.00;0.90;2023-09-19 22:00:00+02:00;9.00;455.00;12.00;443.00;2023-09-19 20:00:00+00:00;42.00;44.00;42.00
2023-09-19;23;100.00;0.00;-0.05;0.00;0.90;2023-09-19 23:00:00+02:00;9.00;329.00;13.00;316.00;2023-09-19 21:00:00+00:00;46.00;47.00;46.00
2023-09-20;0;100.00;0.00;-0.05;0.00;0.90;2023-09-20 00:00:00+02:00;9.00;191.00;8.00;183.00;2023-09-19 22:00:00+00:00;49.00;49.00;49.00
2023-09-20;1;100.00;0.00;-0.05;0.00;0.90;2023-09-20 01:00:00+02:00;9.00;125.00;4.00;121.00;2023-09-19 23:00:00+00:00;48.00;48.00;48.00
2023-09-20;2;100.00;0.00;0.07;0.00;0.93;2023-09-20 02:00:00+02:00;9.00;97.00;4.00;93.00;2023-09-20 00:00:00+00:00;49.00;50.00;49.00
2023-09-20;3;100.00;0.00;0.07;0.00;0.93;2023-09-20 03:00:00+02:00;9.00;65.00;4.00;61.00;2023-09-20 01:00:00+00:00;50.00;52.00;50.00
2023-09-20;4;100.00;0.00;0.07;0.00;0.93;2023-09-20 04:00:00+02:00;9.00;81.00;6.00;75.00;2023-09-20 02:00:00+00:00;48.00;46.00;48.00
2023-09-20;5;100.00;0.00;0.07;0.00;0.93;2023-09-20 05:00:00+02:00;9.00;181.00;10.00;171.00;2023-09-20 03:00:00+00:00;43.00;44.00;43.00
2023-09-20;6;100.00;0.00;0.07;0.00;0.93;2023-09-20 06:00:00+02:00;9.00;454.00;21.00;433.00;2023-09-20 04:00:00+00:00;39.00;39.00;39.00
2023-09-20;7;100.00;0.00;0.07;0.00;0.93;2023-09-20 07:00:00+02:00;9.00;630.00;46.00;584.00;2023-09-20 05:00:00+00:00;34.00;34.00;34.00
2023-09-20;8;100.00;0.00;0.07;0.00;0.93;2023-09-20 08:00:00+02:00;9.00;571.00;37.00;534.00;2023-09-20 06:00:00+00:00;26.00;25.00;26.00
2023-09-20;9;100.00;0.00;0.07;0.00;0.93;2023-09-20 09:00:00+02:00;9.00;664.00;45.00;619.00;2023-09-20 07:00:00+00:00;32.00;31.00;32.00
2023-09-20;10;100.00;0.00;0.07;0.00;0.93;2023-09-20 10:00:00+02:00;9.00;714.00;47.00;667.00;2023-09-20 08:00:00+00:00;37.00;37.00;37.00
2023-09-20;11;92.00;0.00;0.07;0.00;0.93;2023-09-20 11:00:00+02:00;9.00;721.00;39.00;682.00;2023-09-20 09:00:00+00:00;36.00;36.00;35.00
2023-09-20;12;92.00;0.00;0.07;0.00;0.93;2023-09-20 12:00:00+02:00;9.00;697.00;45.00;652.00;2023-09-20 10:00:00+00:00;39.00;39.00;39.00
2023-09-20;13;92.00;0.00;0.07;0.00;0.93;2023-09-20 13:00:00+02:00;9.00;691.00;55.00;636.00;2023-09-20 11:00:00+00:00;33.00;33.00;34.00
2023-09-20;14;92.00;0.00;0.07;0.00;0.93;2023-09-20 14:00:00+02:00;9.00;703.00;39.00;663.00;2023-09-20 12:00:00+00:00;36.00;36.00;36.00
2023-09-20;15;100.00;0.00;0.07;0.00;0.93;2023-09-20 15:00:00+02:00;9.00;665.00;41.00;624.00;2023-09-20 13:00:00+00:00;34.00;34.00;35.00
2023-09-20;16;100.00;0.00;0.07;0.00;0.93;2023-09-20 16:00:00+02:00;9.00;692.00;34.00;658.00;2023-09-20 14:00:00+00:00;36.00;36.00;36.00
2023-09-20;17;100.00;0.00;0.07;0.00;0.93;2023-09-20 17:00:00+02:00;9.00;667.00;45.00;622.00;2023-09-20 15:00:00+00:00;32.00;32.00;32.00
2023-09-20;18;100.00;0.00;0.07;0.00;0.93;2023-09-20 18:00:00+02:00;9.00;709.00;28.00;681.00;2023-09-20 16:00:00+00:00;38.00;38.00;38.00
2023-09-20;19;100.00;0.00;0.07;0.00;0.93;2023-09-20 19:00:00+02:00;9.00;630.00;21.00;609.00;2023-09-20 17:00:00+00:00;38.00;39.00;38.00
2023-09-20;20;100.00;0.00;0.07;0.00;0.93;2023-09-20 20:00:00+02:00;9.00;527.00;14.00;513.00;2023-09-20 18:00:00+00:00;41.00;41.00;41.00
2023-09-20;21;100.00;0.00;0.07;0.00;0.93;2023-09-20 21:00:00+02:00;9.00;428.00;15.00;413.00;2023-09-20 19:00:00+00:00;42.00;43.00;42.00
2023-09-20;22;100.00;0.00;0.07;0.00;0.93;2023-09-20 22:00:00+02:00;9.00;385.00;10.00;375.00;2023-09-20 20:00:00+00:00;44.00;43.00;44.00
2023-09-20;23;100.00;0.00;0.07;0.00;0.93;2023-09-20 23:00:00+02:00;9.00;304.00;13.00;291.00;2023-09-20 21:00:00+00:00;46.00;46.00;46.00
2023-09-21;0;100.00;0.00;0.07;0.00;0.93;2023-09-21 00:00:00+02:00;9.00;190.00;8.00;182.00;2023-09-20 22:00:00+00:00;48.00;46.00;48.00
2023-09-21;1;100.00;0.00;0.07;0.00;0.93;2023-09-21 01:00:00+02:00;9.00;127.00;4.00;123.00;2023-09-20 23:00:00+00:00;49.00;48.00;49.00
2023-09-21;2;100.00;0.00;0.18;0.00;0.93;2023-09-21 02:00:00+02:00;9.00;93.00;4.00;89.00;2023-09-21 00:00:00+00:00;48.00;50.00;48.00
2023-09-21;3;100.00;0.00;0.18;0.00;0.93;2023-09-21 03:00:00+02:00;9.00;73.00;7.00;66.00;2023-09-21 01:00:00+00:00;48.00;48.00;48.00
2023-09-21;4;100.00;0.00;0.18;0.00;0.93;2023-09-21 04:00:00+02:00;9.00;82.00;6.00;76.00;2023-09-21 02:00:00+00:00;48.00;49.00;48.00
2023-09-21;5;100.00;0.00;0.18;0.00;0.93;2023-09-21 05:00:00+02:00;9.00;165.00;19.00;146.00;2023-09-21 03:00:00+00:00;44.00;45.00;44.00
2023-09-21;6;100.00;0.00;0.18;0.00;0.93;2023-09-21 06:00:00+02:00;9.00;462.00;27.00;435.00;2023-09-21 04:00:00+00:00;39.00;40.00;39.00
2023-09-21;7;100.00;0.00;0.18;0.00;0.93;2023-09-21 07:00:00+02:00;9.00;622.00;38.00;584.00;2023-09-21 05:00:00+00:00;36.00;36.00;36.00
2023-09-21;8;100.00;0.00;0.18;0.00;0.93;2023-09-21 08:00:00+02:00;9.00;663.00;42.00;621.00;2023-09-21 06:00:00+00:00;28.00;27.00;28.00
2023-09-21;9;100.00;0.00;0.18;0.00;0.93;2023-09-21 09:00:00+02:00;9.00;686.00;61.00;625.00;2023-09-21 07:00:00+00:00;35.00;35.00;34.00
2023-09-21;10;100.00;0.00;0.18;0.00;0.93;2023-09-21 10:00:00+02:00;9.00;682.00;52.00;630.00;2023-09-21 08:00:00+00:00;38.00;37.00;38.00
2023-09-21;11;100.00;0.00;0.18;0.00;0.93;2023-09-21 11:00:00+02:00;9.00;650.00;50.00;600.00;2023-09-21 09:00:00+00:00;35.00;34.00;35.00
2023-09-21;12;92.00;0.00;0.18;0.00;0.93;2023-09-21 12:00:00+02:00;9.00;649.00;49.00;600.00;2023-09-21 10:00:00+00:00;34.00;32.00;35.00
2023-09-21;13;92.00;0.00;0.18;0.00;0.93;2023-09-21 13:00:00+02:00;9.00;699.00;63.00;636.00;2023-09-21 11:00:00+00:00;36.00;36.00;36.00
2023-09-21;14;92.00;0.00;0.18;0.00;0.93;2023-09-21 14:00:00+02:00;9.00;704.00;35.00;669.00;2023-09-21 12:00:00+00:00;38.00;38.00;38.00
2023-09-21;15;100.00;0.00;0.18;0.00;0.93;2023-09-21 15:00:00+02:00;9.00;697.00;41.00;656.00;2023-09-21 13:00:00+00:00;34.00;34.00;34.00
2023-09-21;16;100.00;0.00;0.18;0.00;0.93;2023-09-21 16:00:00+02:00;9.00;606.00;38.00;568.00;2023-09-21 14:00:00+00:00;30.00;28.00;30.00
2023-09-21;17;100.00;0.00;0.18;0.00;0.93;2023-09-21 17:00:00+02:00;9.00;671.00;38.00;633.00;2023-09-21 15:00:00+00:00;36.00;36.00;36.00
2023-09-21;18;100.00;0.00;0.18;0.00;0.93;2023-09-21 18:00:00+02:00;9.00;729.00;41.00;688.00;2023-09-21 16:00:00+00:00;30.00;31.00;30.00
2023-09-21;19;100.00;0.00;0.18;0.00;0.93;2023-09-21 19:00:00+02:00;9.00;683.00;29.00;654.00;2023-09-21 17:00:00+00:00;35.00;37.00;35.00
2023-09-21;20;100.00;0.00;0.18;0.00;0.93;2023-09-21 20:00:00+02:00;9.00;597.00;19.00;578.00;2023-09-21 18:00:00+00:00;40.00;40.00;40.00
2023-09-21;21;100.00;0.00;0.18;0.00;0.93;2023-09-21 21:00:00+02:00;9.00;442.00;10.00;432.00;2023-09-21 19:00:00+00:00;43.00;43.00;43.00
2023-09-21;22;100.00;0.00;0.18;0.00;0.93;2023-09-21 22:00:00+02:00;9.00;417.00;13.00;404.00;2023-09-21 20:00:00+00:00;43.00;44.00;43.00
2023-09-21;23;100.00;0.00;0.18;0.00;0.93;2023-09-21 23:00:00+02:00;9.00;334.00;14.00;320.00;2023-09-21 21:00:00+00:00;46.00;46.00;46.00
2023-09-22;0;100.00;0.00;0.18;0.00;0.93;2023-09-22 00:00:00+02:00;9.00;249.00;4.00;245.00;2023-09-21 22:00:00+00:00;48.00;46.00;48.00
2023-09-22;1;100.00;0.00;0.18;0.00;0.93;2023-09-22 01:00:00+02:00;9.00;160.00;3.00;157.00;2023-09-21 23:00:00+00:00;51.00;50.00;51.00
2023-09-22;2;100.00;-1.50;0.38;0.00;0.92;2023-09-22 02:00:00+02:00;9.00;124.00;4.00;120.00;2023-09-22 00:00:00+00:00;48.00;46.00;48.00
2023-09-22;3;100.00;-1.50;0.38;0.00;0.92;2023-09-22 03:00:00+02:00;9.00;87.00;4.00;83.00;2023-09-22 01:00:00+00:00;48.00;48.00;48.00
2023-09-22;4;100.00;-1.50;0.38;0.00;0.92;2023-09-22 04:00:00+02:00;9.00;102.00;6.00;96.00;2023-09-22 02:00:00+00:00;50.00;50.00;50.00
2023-09-22;5;100.00;-1.50;0.38;0.00;0.92;2023-09-22 05:00:00+02:00;9.00;160.00;14.00;146.00;2023-09-22 03:00:00+00:00;47.00;47.00;47.00
2023-09-22;6;100.00;-1.50;0.38;0.00;0.92;2023-09-22 06:00:00+02:00;9.00;342.00;31.00;311.00;2023-09-22 04:00:00+00:00;45.00;45.00;45.00
2023-09-22;7;100.00;-1.50;0.38;0.00;0.92;2023-09-22 07:00:00+02:00;9.00;510.00;30.00;480.00;2023-09-22 05:00:00+00:00;40.00;39.00;40.00
2023-09-22;8;100.00;-1.50;0.38;0.00;0.92;2023-09-22 08:00:00+02:00;9.00;696.00;38.00;658.00;2023-09-22 06:00:00+00:00;33.00;33.00;33.00
2023-09-22;9;100.00;-1.50;0.38;0.00;0.92;2023-09-22 09:00:00+02:00;9.00;665.00;32.00;633.00;2023-09-22 07:00:00+00:00;38.00;40.00;38.00
2023-09-22;10;92.00;-1.50;0.38;0.00;0.92;2023-09-22 10:00:00+02:00;9.00;648.00;24.00;624.00;2023-09-22 08:00:00+00:00;34.00;34.00;34.00
2023-09-22;11;92.00;-1.50;0.38;0.00;0.92;2023-09-22 11:00:00+02:00;9.00;684.00;16.00;668.00;2023-09-22 09:00:00+00:00;36.00;36.00;36.00
2023-09-22;12;92.00;-1.50;0.38;0.00;0.92;2023-09-22 12:00:00+02:00;9.00;732.00;43.00;689.00;2023-09-22 10:00:00+00:00;36.00;37.00;36.00
2023-09-22;13;92.00;-1.50;0.38;0.00;0.92;2023-09-22 13:00:00+02:00;9.00;721.00;31.00;691.00;2023-09-22 11:00:00+00:00;38.00;38.00;38.00
2023-09-22;14;100.00;-1.50;0.38;0.00;0.92;2023-09-22 14:00:00+02:00;9.00;690.00;41.00;649.00;2023-09-22 12:00:00+00:00;35.00;35.00;35.00
2023-09-22;15;100.00;-1.50;0.38;0.00;0.92;2023-09-22 15:00:00+02:00;9.00;603.00;42.00;561.00;2023-09-22 13:00:00+00:00;34.00;35.00;34.00
2023-09-22;16;100.00;-1.50;0.38;0.00;0.92;2023-09-22 16:00:00+02:00;9.00;707.00;26.00;681.00;2023-09-22 14:00:00+00:00;38.00;35.00;38.00
2023-09-22;17;100.00;-1.50;0.38;0.00;0.92;2023-09-22 17:00:00+02:00;9.00;660.00;18.00;642.00;2023-09-22 15:00:00+00:00;35.00;37.00;35.00
2023-09-22;18;100.00;-1.50;0.38;0.00;0.92;2023-09-22 18:00:00+02:00;9.00;762.00;21.00;741.00;2023-09-22 16:00:00+00:00;34.00;36.00;34.00
2023-09-22;19;100.00;-1.50;0.38;0.00;0.92;2023-09-22 19:00:00+02:00;9.00;734.00;31.00;703.00;2023-09-22 17:00:00+00:00;36.00;37.00;36.00
2023-09-22;20;100.00;-1.50;0.38;0.00;0.92;2023-09-22 20:00:00+02:00;9.00;639.00;15.00;624.00;2023-09-22 18:00:00+00:00;41.00;41.00;41.00
2023-09-22;21;100.00;-1.50;0.38;0.00;0.92;2023-09-22 21:00:00+02:00;9.00;520.00;13.00;507.00;2023-09-22 19:00:00+00:00;43.00;43.00;43.00
2023-09-22;22;100.00;-1.50;0.38;0.00;0.92;2023-09-22 22:00:00+02:00;9.00;473.00;13.00;460.00;2023-09-22 20:00:00+00:00;44.00;43.00;44.00
2023-09-22;23;100.00;-1.50;0.38;0.00;0.92;2023-09-22 23:00:00+02:00;9.00;397.00;9.00;388.00;2023-09-22 21:00:00+00:00;46.00;46.00;46.00
2023-09-23;0;100.00;-1.50;0.38;0.00;0.92;2023-09-23 00:00:00+02:00;9.00;345.00;10.00;335.00;2023-09-22 22:00:00+00:00;46.00;44.00;46.00
2023-09-23;1;75.00;-1.50;0.38;0.00;0.92;2023-09-23 01:00:00+02:00;9.00;255.00;7.00;248.00;2023-09-22 23:00:00+00:00;47.00;46.00;48.00
2023-09-23;2;100.00;0.00;1.34;0.00;0.45;2023-09-23 02:00:00+02:00;9.00;213.00;5.00;208.00;2023-09-23 00:00:00+00:00;50.00;48.00;50.00
2023-09-23;3;100.00;0.00;1.34;0.00;0.45;2023-09-23 03:00:00+02:00;9.00;157.00;1.00;156.00;2023-09-23 01:00:00+00:00;49.00;51.00;49.00
2023-09-23;4;100.00;0.00;1.34;0.00;0.45;2023-09-23 04:00:00+02:00;9.00;143.00;3.00;140.00;2023-09-23 02:00:00+00:00;49.00;50.00;49.00
2023-09-23;5;100.00;0.00;1.34;0.00;0.45;2023-09-23 05:00:00+02:00;9.00;156.00;3.00;153.00;2023-09-23 03:00:00+00:00;50.00;48.00;50.00
2023-09-23;6;100.00;0.00;1.34;0.00;0.45;2023-09-23 06:00:00+02:00;9.00;183.00;7.00;176.00;2023-09-23 04:00:00+00:00;46.00;45.00;46.00
2023-09-23;7;100.00;0.00;1.34;0.00;0.45;2023-09-23 07:00:00+02:00;9.00;202.00;15.00;187.00;2023-09-23 05:00:00+00:00;44.00;44.00;44.00
2023-09-23;8;100.00;0.00;1.34;0.00;0.45;2023-09-23 08:00:00+02:00;9.00;272.00;20.00;252.00;2023-09-23 06:00:00+00:00;44.00;43.00;44.00
2023-09-23;9;100.00;0.00;1.34;0.00;0.45;2023-09-23 09:00:00+02:00;9.00;391.00;28.00;363.00;2023-09-23 07:00:00+00:00;42.00;43.00;42.00
2023-09-23;10;100.00;0.00;1.34;0.00;0.45;2023-09-23 10:00:00+02:00;9.00;479.00;23.00;456.00;2023-09-23 08:00:00+00:00;42.00;42.00;42.00
2023-09-23;11;100.00;0.00;1.34;0.00;0.45;2023-09-23 11:00:00+02:00;9.00;576.00;34.00;542.00;2023-09-23 09:00:00+00:00;42.00;41.00;42.00
2023-09-23;12;100.00;0.00;1.34;0.00;0.45;2023-09-23 12:00:00+02:00;9.00;578.00;25.00;553.00;2023-09-23 10:00:00+00:00;43.00;43.00;43.00
2023-09-23;13;92.00;0.00;1.34;0.00;0.45;2023-09-23 13:00:00+02:00;9.00;566.00;17.00;549.00;2023-09-23 11:00:00+00:00;44.00;44.00;44.00
2023-09-23;14;92.00;0.00;1.34;0.00;0.45;2023-09-23 14:00:00+02:00;9.00;496.00;5.00;491.00;2023-09-23 12:00:00+00:00;44.00;42.00;44.00
2023-09-23;15;92.00;0.00;1.34;0.00;0.45;2023-09-23 15:00:00+02:00;9.00;13.00;0.00;13.00;2023-09-23 13:00:00+00:00;48.00;NaN;48.00
2023-09-23;16;92.00;0.00;1.34;0.00;0.45;2023-09-23 16:00:00+02:00;9.00;2.00;1.00;1.00;2023-09-23 14:00:00+00:00;44.00;48.00;39.00
2023-09-23;17;100.00;0.00;1.34;0.00;0.45;2023-09-23 17:00:00+02:00;9.00;265.00;12.00;253.00;2023-09-23 15:00:00+00:00;38.00;36.00;39.00
2023-09-23;18;100.00;0.00;1.34;0.00;0.45;2023-09-23 18:00:00+02:00;9.00;628.00;13.00;615.00;2023-09-23 16:00:00+00:00;42.00;43.00;42.00
2023-09-23;19;100.00;0.00;1.34;0.00;0.45;2023-09-23 19:00:00+02:00;9.00;639.00;18.00;621.00;2023-09-23 17:00:00+00:00;41.00;41.00;41.00
2023-09-23;20;100.00;0.00;1.34;0.00;0.45;2023-09-23 20:00:00+02:00;9.00;581.00;13.00;568.00;2023-09-23 18:00:00+00:00;42.00;41.00;42.00
2023-09-23;21;100.00;0.00;1.34;0.00;0.45;2023-09-23 21:00:00+02:00;9.00;498.00;9.00;489.00;2023-09-23 19:00:00+00:00;43.00;42.00;43.00
2023-09-23;22;100.00;0.00;1.34;0.00;0.45;2023-09-23 22:00:00+02:00;9.00;469.00;12.00;457.00;2023-09-23 20:00:00+00:00;44.00;44.00;44.00
2023-09-23;23;100.00;0.00;1.34;0.00;0.45;2023-09-23 23:00:00+02:00;9.00;391.00;10.00;381.00;2023-09-23 21:00:00+00:00;46.00;45.00;46.00
2023-09-24;0;100.00;0.00;1.34;0.00;0.45;2023-09-24 00:00:00+02:00;9.00;347.00;7.00;340.00;2023-09-23 22:00:00+00:00;47.00;47.00;47.00
2023-09-24;1;100.00;0.00;1.34;0.00;0.45;2023-09-24 01:00:00+02:00;9.00;268.00;4.00;264.00;2023-09-23 23:00:00+00:00;49.00;49.00;49.00
2023-09-24;2;100.00;-3.01;1.02;0.00;0.52;2023-09-24 02:00:00+02:00;9.00;215.00;3.00;212.00;2023-09-24 00:00:00+00:00;47.00;47.00;47.00
2023-09-24;3;100.00;-3.01;1.02;0.00;0.52;2023-09-24 03:00:00+02:00;9.00;190.00;2.00;188.00;2023-09-24 01:00:00+00:00;47.00;46.00;47.00
2023-09-24;4;100.00;-3.01;1.02;0.00;0.52;2023-09-24 04:00:00+02:00;9.00;156.00;2.00;154.00;2023-09-24 02:00:00+00:00;51.00;54.00;51.00
2023-09-24;5;100.00;-3.01;1.02;0.00;0.52;2023-09-24 05:00:00+02:00;9.00;162.00;3.00;159.00;2023-09-24 03:00:00+00:00;53.00;52.00;53.00
2023-09-24;6;100.00;-3.01;1.02;0.00;0.52;2023-09-24 06:00:00+02:00;9.00;147.00;8.00;139.00;2023-09-24 04:00:00+00:00;52.00;52.00;52.00
2023-09-24;7;100.00;-3.01;1.02;0.00;0.52;2023-09-24 07:00:00+02:00;9.00;119.00;0.00;119.00;2023-09-24 05:00:00+00:00;51.00;NaN;51.00
2023-09-24;8;100.00;-3.01;1.02;0.00;0.52;2023-09-24 08:00:00+02:00;9.00;34.00;3.00;31.00;2023-09-24 06:00:00+00:00;56.00;49.00;57.00
2023-09-24;9;100.00;-3.01;1.02;0.00;0.52;2023-09-24 09:00:00+02:00;9.00;2.00;0.00;2.00;2023-09-24 07:00:00+00:00;75.00;NaN;75.00
2023-09-24;10;100.00;-3.01;1.02;0.00;0.52;2023-09-24 10:00:00+02:00;9.00;23.00;1.00;22.00;2023-09-24 08:00:00+00:00;13.00;18.00;12.00
2023-09-24;11;92.00;-3.01;1.02;0.00;0.52;2023-09-24 11:00:00+02:00;9.00;361.00;7.00;355.00;2023-09-24 09:00:00+00:00;4.00;5.00;4.00
2023-09-24;12;92.00;-3.01;1.02;0.00;0.52;2023-09-24 12:00:00+02:00;9.00;284.00;2.00;281.00;2023-09-24 10:00:00+00:00;4.00;3.00;4.00
2023-09-24;13;92.00;-3.01;1.02;0.00;0.52;2023-09-24 13:00:00+02:00;9.00;52.00;0.00;52.00;2023-09-24 11:00:00+00:00;12.00;NaN;12.00
2023-09-24;14;100.00;-3.01;1.02;0.00;0.52;2023-09-24 14:00:00+02:00;9.00;19.00;2.00;17.00;2023-09-24 12:00:00+00:00;39.00;64.00;36.00
2023-09-24;15;100.00;-3.01;1.02;0.00;0.52;2023-09-24 15:00:00+02:00;9.00;277.00;2.00;275.00;2023-09-24 13:00:00+00:00;47.00;50.00;47.00
2023-09-24;16;100.00;-3.01;1.02;0.00;0.52;2023-09-24 16:00:00+02:00;9.00;357.00;4.00;353.00;2023-09-24 14:00:00+00:00;46.00;46.00;46.00
2023-09-24;17;100.00;-3.01;1.02;0.00;0.52;2023-09-24 17:00:00+02:00;9.00;471.00;9.00;462.00;2023-09-24 15:00:00+00:00;44.00;44.00;44.00
2023-09-24;18;100.00;-3.01;1.02;0.00;0.52;2023-09-24 18:00:00+02:00;9.00;648.00;19.00;629.00;2023-09-24 16:00:00+00:00;40.00;40.00;40.00
2023-09-24;19;100.00;-3.01;1.02;0.00;0.52;2023-09-24 19:00:00+02:00;9.00;612.00;24.00;588.00;2023-09-24 17:00:00+00:00;40.00;39.00;40.00
2023-09-24;20;100.00;-3.01;1.02;0.00;0.52;2023-09-24 20:00:00+02:00;9.00;502.00;24.00;478.00;2023-09-24 18:00:00+00:00;42.00;43.00;42.00
2023-09-24;21;100.00;-3.01;1.02;0.00;0.52;2023-09-24 21:00:00+02:00;9.00;429.00;12.00;417.00;2023-09-24 19:00:00+00:00;43.00;44.00;43.00
2023-09-24;22;100.00;-3.01;1.02;0.00;0.52;2023-09-24 22:00:00+02:00;9.00;359.00;10.00;349.00;2023-09-24 20:00:00+00:00;44.00;45.00;44.00
2023-09-24;23;100.00;-3.01;1.02;0.00;0.52;2023-09-24 23:00:00+02:00;9.00;240.00;11.00;229.00;2023-09-24 21:00:00+00:00;46.00;46.00;46.00
2023-09-25;0;100.00;-3.01;1.02;0.00;0.52;2023-09-25 00:00:00+02:00;9.00;176.00;6.00;170.00;2023-09-24 22:00:00+00:00;49.00;48.00;49.00
2023-09-25;1;100.00;-3.01;1.02;0.00;0.52;2023-09-25 01:00:00+02:00;9.00;99.00;4.00;95.00;2023-09-24 23:00:00+00:00;49.00;48.00;49.00
2023-09-25;2;100.00;0.00;-0.01;0.00;0.93;2023-09-25 02:00:00+02:00;9.00;96.00;5.00;91.00;2023-09-25 00:00:00+00:00;53.00;53.00;52.00
2023-09-25;3;100.00;0.00;-0.01;0.00;0.93;2023-09-25 03:00:00+02:00;9.00;72.00;4.00;68.00;2023-09-25 01:00:00+00:00;52.00;53.00;52.00
2023-09-25;4;92.00;0.00;-0.01;0.00;0.93;2023-09-25 04:00:00+02:00;9.00;93.00;8.00;85.00;2023-09-25 02:00:00+00:00;50.00;52.00;50.00
2023-09-25;5;92.00;0.00;-0.01;0.00;0.93;2023-09-25 05:00:00+02:00;9.00;207.00;20.00;188.00;2023-09-25 03:00:00+00:00;45.00;46.00;45.00
2023-09-25;6;100.00;0.00;-0.01;0.00;0.93;2023-09-25 06:00:00+02:00;9.00;398.00;37.00;361.00;2023-09-25 04:00:00+00:00;42.00;42.00;42.00
2023-09-25;7;100.00;0.00;-0.01;0.00;0.93;2023-09-25 07:00:00+02:00;9.00;570.00;55.00;515.00;2023-09-25 05:00:00+00:00;38.00;38.00;39.00
2023-09-25;8;100.00;0.00;-0.01;0.00;0.93;2023-09-25 08:00:00+02:00;9.00;704.00;52.00;652.00;2023-09-25 06:00:00+00:00;31.00;32.00;31.00
2023-09-25;9;100.00;0.00;-0.01;0.00;0.93;2023-09-25 09:00:00+02:00;9.00;684.00;46.00;638.00;2023-09-25 07:00:00+00:00;36.00;36.00;36.00
2023-09-25;10;92.00;0.00;-0.01;0.00;0.93;2023-09-25 10:00:00+02:00;9.00;684.00;71.00;613.00;2023-09-25 08:00:00+00:00;38.00;37.00;38.00
2023-09-25;11;100.00;0.00;-0.01;0.00;0.93;2023-09-25 11:00:00+02:00;9.00;784.00;56.00;728.00;2023-09-25 09:00:00+00:00;37.00;37.00;37.00
2023-09-25;12;100.00;0.00;-0.01;0.00;0.93;2023-09-25 12:00:00+02:00;9.00;702.00;43.00;659.00;2023-09-25 10:00:00+00:00;38.00;38.00;38.00
2023-09-25;13;100.00;0.00;-0.01;0.00;0.93;2023-09-25 13:00:00+02:00;9.00;674.00;50.00;624.00;2023-09-25 11:00:00+00:00;40.00;40.00;40.00
2023-09-25;14;92.00;0.00;-0.01;0.00;0.93;2023-09-25 14:00:00+02:00;9.00;717.00;46.00;671.00;2023-09-25 12:00:00+00:00;36.00;36.00;36.00
2023-09-25;15;100.00;0.00;-0.01;0.00;0.93;2023-09-25 15:00:00+02:00;9.00;721.00;31.00;690.00;2023-09-25 13:00:00+00:00;36.00;35.00;36.00
2023-09-25;16;100.00;0.00;-0.01;0.00;0.93;2023-09-25 16:00:00+02:00;9.00;711.00;53.00;658.00;2023-09-25 14:00:00+00:00;34.00;33.00;34.00
2023-09-25;17;92.00;0.00;-0.01;0.00;0.93;2023-09-25 17:00:00+02:00;9.00;696.00;39.00;657.00;2023-09-25 15:00:00+00:00;35.00;34.00;36.00
2023-09-25;18;92.00;0.00;-0.01;0.00;0.93;2023-09-25 18:00:00+02:00;9.00;718.00;31.00;687.00;2023-09-25 16:00:00+00:00;37.00;36.00;37.00
2023-09-25;19;92.00;0.00;-0.01;0.00;0.93;2023-09-25 19:00:00+02:00;9.00;608.00;24.00;584.00;2023-09-25 17:00:00+00:00;38.00;38.00;38.00
2023-09-25;20;92.00;0.00;-0.01;0.00;0.93;2023-09-25 20:00:00+02:00;9.00;492.00;15.00;477.00;2023-09-25 18:00:00+00:00;42.00;42.00;42.00
2023-09-25;21;100.00;0.00;-0.01;0.00;0.93;2023-09-25 21:00:00+02:00;9.00;371.00;14.00;357.00;2023-09-25 19:00:00+00:00;44.00;44.00;44.00
2023-09-25;22;100.00;0.00;-0.01;0.00;0.93;2023-09-25 22:00:00+02:00;9.00;310.00;14.00;296.00;2023-09-25 20:00:00+00:00;46.00;45.00;46.00
2023-09-25;23;100.00;0.00;-0.01;0.00;0.93;2023-09-25 23:00:00+02:00;9.00;230.00;10.00;220.00;2023-09-25 21:00:00+00:00;48.00;48.00;48.00
2023-09-26;0;100.00;0.00;-0.01;0.00;0.93;2023-09-26 00:00:00+02:00;9.00;176.00;11.00;165.00;2023-09-25 22:00:00+00:00;48.00;48.00;48.00
2023-09-26;1;100.00;0.00;-0.01;0.00;0.93;2023-09-26 01:00:00+02:00;9.00;100.00;2.00;98.00;2023-09-25 23:00:00+00:00;48.00;46.00;48.00
2023-09-26;2;100.00;-3.01;-0.39;0.00;0.91;2023-09-26 02:00:00+02:00;9.00;67.00;4.00;63.00;2023-09-26 00:00:00+00:00;49.00;46.00;49.00
2023-09-26;3;100.00;-3.01;-0.39;0.00;0.91;2023-09-26 03:00:00+02:00;9.00;55.00;7.00;48.00;2023-09-26 01:00:00+00:00;49.00;48.00;50.00
2023-09-26;4;100.00;-3.01;-0.39;0.00;0.91;2023-09-26 04:00:00+02:00;9.00;65.00;5.00;60.00;2023-09-26 02:00:00+00:00;50.00;50.00;50.00
2023-09-26;5;100.00;-3.01;-0.39;0.00;0.91;2023-09-26 05:00:00+02:00;9.00;163.00;17.00;146.00;2023-09-26 03:00:00+00:00;44.00;45.00;44.00
2023-09-26;6;100.00;-3.01;-0.39;0.00;0.91;2023-09-26 06:00:00+02:00;9.00;433.00;19.00;414.00;2023-09-26 04:00:00+00:00;40.00;40.00;40.00
2023-09-26;7;100.00;-3.01;-0.39;0.00;0.91;2023-09-26 07:00:00+02:00;9.00;649.00;46.00;603.00;2023-09-26 05:00:00+00:00;37.00;38.00;37.00
2023-09-26;8;100.00;-3.01;-0.39;0.00;0.91;2023-09-26 08:00:00+02:00;9.00;576.00;35.00;541.00;2023-09-26 06:00:00+00:00;25.00;25.00;25.00
2023-09-26;9;100.00;-3.01;-0.39;0.00;0.91;2023-09-26 09:00:00+02:00;9.00;645.00;51.00;594.00;2023-09-26 07:00:00+00:00;34.00;33.00;34.00
2023-09-26;10;92.00;-3.01;-0.39;0.00;0.91;2023-09-26 10:00:00+02:00;9.00;720.00;52.00;668.00;2023-09-26 08:00:00+00:00;38.00;38.00;38.00
2023-09-26;11;92.00;-3.01;-0.39;0.00;0.91;2023-09-26 11:00:00+02:00;9.00;713.00;48.00;665.00;2023-09-26 09:00:00+00:00;34.00;34.00;34.00
2023-09-26;12;100.00;-3.01;-0.39;0.00;0.91;2023-09-26 12:00:00+02:00;9.00;666.00;52.00;614.00;2023-09-26 10:00:00+00:00;38.00;37.00;38.00
2023-09-26;13;100.00;-3.01;-0.39;0.00;0.91;2023-09-26 13:00:00+02:00;9.00;675.00;62.00;613.00;2023-09-26 11:00:00+00:00;38.00;38.00;38.00
2023-09-26;14;100.00;-3.01;-0.39;0.00;0.91;2023-09-26 14:00:00+02:00;9.00;703.00;51.00;652.00;2023-09-26 12:00:00+00:00;36.00;36.00;36.00
2023-09-26;15;100.00;-3.01;-0.39;0.00;0.91;2023-09-26 15:00:00+02:00;9.00;632.00;25.00;607.00;2023-09-26 13:00:00+00:00;30.00;32.00;29.00
2023-09-26;16;100.00;-3.01;-0.39;0.00;0.91;2023-09-26 16:00:00+02:00;9.00;608.00;31.00;577.00;2023-09-26 14:00:00+00:00;37.00;33.00;37.00
2023-09-26;17;92.00;-3.01;-0.39;0.00;0.91;2023-09-26 17:00:00+02:00;9.00;659.00;27.00;632.00;2023-09-26 15:00:00+00:00;37.00;37.00;37.00
2023-09-26;18;100.00;-3.01;-0.39;0.00;0.91;2023-09-26 18:00:00+02:00;9.00;754.00;21.00;733.00;2023-09-26 16:00:00+00:00;38.00;38.00;38.00
2023-09-26;19;92.00;-3.01;-0.39;0.00;0.91;2023-09-26 19:00:00+02:00;9.00;586.00;29.00;556.00;2023-09-26 17:00:00+00:00;38.00;39.00;38.00
2023-09-26;20;92.00;-3.01;-0.39;0.00;0.91;2023-09-26 20:00:00+02:00;9.00;495.00;24.00;471.00;2023-09-26 18:00:00+00:00;43.00;43.00;43.00
2023-09-26;21;92.00;-3.01;-0.39;0.00;0.91;2023-09-26 21:00:00+02:00;9.00;376.00;15.00;361.00;2023-09-26 19:00:00+00:00;44.00;44.00;44.00
2023-09-26;22;100.00;-3.01;-0.39;0.00;0.91;2023-09-26 22:00:00+02:00;9.00;333.00;7.00;326.00;2023-09-26 20:00:00+00:00;45.00;46.00;45.00
2023-09-26;23;100.00;-3.01;-0.39;0.00;0.91;2023-09-26 23:00:00+02:00;9.00;229.00;10.00;219.00;2023-09-26 21:00:00+00:00;47.00;46.00;47.00
2023-09-27;0;100.00;-3.01;-0.39;0.00;0.91;2023-09-27 00:00:00+02:00;9.00;168.00;7.00;161.00;2023-09-26 22:00:00+00:00;46.00;45.00;46.00
2023-09-27;1;92.00;-3.01;-0.39;0.00;0.91;2023-09-27 01:00:00+02:00;9.00;117.00;5.00;111.00;2023-09-26 23:00:00+00:00;49.00;50.00;49.00
2023-09-27;2;100.00;-3.01;-0.82;0.00;0.91;2023-09-27 02:00:00+02:00;9.00;80.00;5.00;75.00;2023-09-27 00:00:00+00:00;48.00;50.00;48.00
2023-09-27;3;92.00;-3.01;-0.82;0.00;0.91;2023-09-27 03:00:00+02:00;9.00;69.00;7.00;62.00;2023-09-27 01:00:00+00:00;48.00;50.00;48.00
2023-09-27;4;100.00;-3.01;-0.82;0.00;0.91;2023-09-27 04:00:00+02:00;9.00;76.00;4.00;72.00;2023-09-27 02:00:00+00:00;49.00;49.00;50.00
2023-09-27;5;100.00;-3.01;-0.82;0.00;0.91;2023-09-27 05:00:00+02:00;9.00;167.00;14.00;153.00;2023-09-27 03:00:00+00:00;46.00;45.00;46.00
2023-09-27;6;100.00;-3.01;-0.82;0.00;0.91;2023-09-27 06:00:00+02:00;9.00;418.00;25.00;393.00;2023-09-27 04:00:00+00:00;40.00;40.00;40.00
2023-09-27;7;100.00;-3.01;-0.82;0.00;0.91;2023-09-27 07:00:00+02:00;9.00;691.00;40.00;651.00;2023-09-27 05:00:00+00:00;32.00;33.00;32.00
2023-09-27;8;100.00;-3.01;-0.82;0.00;0.91;2023-09-27 08:00:00+02:00;9.00;677.00;50.00;627.00;2023-09-27 06:00:00+00:00;23.00;23.00;23.00
2023-09-27;9;100.00;-3.01;-0.82;0.00;0.91;2023-09-27 09:00:00+02:00;9.00;653.00;49.00;604.00;2023-09-27 07:00:00+00:00;23.00;22.00;23.00
2023-09-27;10;100.00;-3.01;-0.82;0.00;0.91;2023-09-27 10:00:00+02:00;9.00;608.00;57.00;551.00;2023-09-27 08:00:00+00:00;33.00;34.00;33.00
2023-09-27;11;100.00;-3.01;-0.82;0.00;0.91;2023-09-27 11:00:00+02:00;9.00;737.00;62.00;675.00;2023-09-27 09:00:00+00:00;34.00;34.00;34.00
2023-09-27;12;92.00;-3.01;-0.82;0.00;0.91;2023-09-27 12:00:00+02:00;9.00;753.00;45.00;708.00;2023-09-27 10:00:00+00:00;38.00;37.00;38.00
2023-09-27;13;92.00;-3.01;-0.82;0.00;0.91;2023-09-27 13:00:00+02:00;9.00;732.00;58.00;674.00;2023-09-27 11:00:00+00:00;34.00;36.00;34.00
2023-09-27;14;92.00;-3.01;-0.82;0.00;0.91;2023-09-27 14:00:00+02:00;9.00;754.00;61.00;693.00;2023-09-27 12:00:00+00:00;38.00;37.00;38.00
2023-09-27;15;92.00;-3.01;-0.82;0.00;0.91;2023-09-27 15:00:00+02:00;9.00;632.00;46.00;586.00;2023-09-27 13:00:00+00:00;29.00;28.00;29.00
2023-09-27;16;100.00;-3.01;-0.82;0.00;0.91;2023-09-27 16:00:00+02:00;9.00;743.00;32.00;711.00;2023-09-27 14:00:00+00:00;36.00;36.00;36.00
2023-09-27;17;100.00;-3.01;-0.82;0.00;0.91;2023-09-27 17:00:00+02:00;9.00;676.00;34.00;642.00;2023-09-27 15:00:00+00:00;33.00;32.00;33.00
2023-09-27;18;100.00;-3.01;-0.82;0.00;0.91;2023-09-27 18:00:00+02:00;9.00;666.00;35.00;631.00;2023-09-27 16:00:00+00:00;36.00;36.00;35.00
2023-09-27;19;100.00;-3.01;-0.82;0.00;0.91;2023-09-27 19:00:00+02:00;9.00;652.00;20.00;632.00;2023-09-27 17:00:00+00:00;40.00;39.00;40.00
2023-09-27;20;100.00;-3.01;-0.82;0.00;0.91;2023-09-27 20:00:00+02:00;9.00;515.00;22.00;493.00;2023-09-27 18:00:00+00:00;42.00;42.00;42.00
2023-09-27;21;75.00;-3.01;-0.82;0.00;0.91;2023-09-27 21:00:00+02:00;9.00;465.00;17.00;448.00;2023-09-27 19:00:00+00:00;42.00;43.00;42.00
2023-09-27;22;100.00;-3.01;-0.82;0.00;0.91;2023-09-27 22:00:00+02:00;9.00;442.00;13.00;429.00;2023-09-27 20:00:00+00:00;43.00;43.00;43.00
2023-09-27;23;100.00;-3.01;-0.82;0.00;0.91;2023-09-27 23:00:00+02:00;9.00;318.00;13.00;305.00;2023-09-27 21:00:00+00:00;45.00;45.00;45.00
2023-09-28;0;100.00;-3.01;-0.82;0.00;0.91;2023-09-28 00:00:00+02:00;9.00;235.00;12.00;223.00;2023-09-27 22:00:00+00:00;47.00;48.00;47.00
2023-09-28;1;100.00;-3.01;-0.82;0.00;0.91;2023-09-28 01:00:00+02:00;9.00;142.00;5.00;137.00;2023-09-27 23:00:00+00:00;42.00;40.00;42.00
2023-09-28;2;100.00;-1.50;-1.49;0.00;0.87;2023-09-28 02:00:00+02:00;9.00;97.00;5.00;92.00;2023-09-28 00:00:00+00:00;50.00;49.00;50.00
2023-09-28;3;100.00;-1.50;-1.49;0.00;0.87;2023-09-28 03:00:00+02:00;9.00;82.00;6.00;76.00;2023-09-28 01:00:00+00:00;51.00;52.00;51.00
2023-09-28;4;100.00;-1.50;-1.49;0.00;0.87;2023-09-28 04:00:00+02:00;9.00;84.00;9.00;75.00;2023-09-28 02:00:00+00:00;47.00;45.00;47.00
2023-09-28;5;100.00;-1.50;-1.49;0.00;0.87;2023-09-28 05:00:00+02:00;9.00;176.00;17.00;159.00;2023-09-28 03:00:00+00:00;46.00;46.00;46.00
2023-09-28;6;100.00;-1.50;-1.49;0.00;0.87;2023-09-28 06:00:00+02:00;9.00;402.00;28.00;374.00;2023-09-28 04:00:00+00:00;42.00;43.00;42.00
2023-09-28;7;100.00;-1.50;-1.49;0.00;0.87;2023-09-28 07:00:00+02:00;9.00;614.00;50.00;564.00;2023-09-28 05:00:00+00:00;37.00;36.00;37.00
2023-09-28;8;100.00;-1.50;-1.49;0.00;0.87;2023-09-28 08:00:00+02:00;9.00;545.00;43.00;502.00;2023-09-28 06:00:00+00:00;25.00;24.00;25.00
2023-09-28;9;100.00;-1.50;-1.49;0.00;0.87;2023-09-28 09:00:00+02:00;9.00;421.00;37.00;384.00;2023-09-28 07:00:00+00:00;19.00;19.00;19.00
2023-09-28;10;92.00;-1.50;-1.49;0.00;0.87;2023-09-28 10:00:00+02:00;9.00;388.00;33.00;356.00;2023-09-28 08:00:00+00:00;19.00;19.00;19.00
2023-09-28;11;92.00;-1.50;-1.49;0.00;0.87;2023-09-28 11:00:00+02:00;9.00;559.00;73.00;485.00;2023-09-28 09:00:00+00:00;21.00;22.00;21.00
2023-09-28;12;100.00;-1.50;-1.49;0.00;0.87;2023-09-28 12:00:00+02:00;9.00;669.00;43.00;626.00;2023-09-28 10:00:00+00:00;37.00;37.00;37.00
2023-09-28;13;100.00;-1.50;-1.49;0.00;0.87;2023-09-28 13:00:00+02:00;9.00;677.00;54.00;623.00;2023-09-28 11:00:00+00:00;38.00;38.00;38.00
2023-09-28;14;100.00;-1.50;-1.49;0.00;0.87;2023-09-28 14:00:00+02:00;9.00;696.00;40.00;656.00;2023-09-28 12:00:00+00:00;35.00;35.00;35.00
2023-09-28;15;100.00;-1.50;-1.49;0.00;0.87;2023-09-28 15:00:00+02:00;9.00;659.00;39.00;620.00;2023-09-28 13:00:00+00:00;32.00;31.00;33.00
2023-09-28;16;100.00;-1.50;-1.49;0.00;0.87;2023-09-28 16:00:00+02:00;9.00;683.00;42.00;641.00;2023-09-28 14:00:00+00:00;34.00;35.00;34.00
2023-09-28;17;100.00;-1.50;-1.49;0.00;0.87;2023-09-28 17:00:00+02:00;9.00;641.00;25.00;616.00;2023-09-28 15:00:00+00:00;38.00;35.00;38.00
2023-09-28;18;100.00;-1.50;-1.49;0.00;0.87;2023-09-28 18:00:00+02:00;9.00;707.00;36.00;671.00;2023-09-28 16:00:00+00:00;34.00;33.00;34.00
2023-09-28;19;100.00;-1.50;-1.49;0.00;0.87;2023-09-28 19:00:00+02:00;9.00;686.00;25.00;661.00;2023-09-28 17:00:00+00:00;36.00;35.00;36.00
2023-09-28;20;100.00;-1.50;-1.49;0.00;0.87;2023-09-28 20:00:00+02:00;9.00;539.00;23.00;516.00;2023-09-28 18:00:00+00:00;40.00;40.00;40.00
2023-09-28;21;100.00;-1.50;-1.49;0.00;0.87;2023-09-28 21:00:00+02:00;9.00;474.00;20.00;454.00;2023-09-28 19:00:00+00:00;43.00;43.00;43.00
2023-09-28;22;100.00;-1.50;-1.49;0.00;0.87;2023-09-28 22:00:00+02:00;9.00;492.00;14.00;478.00;2023-09-28 20:00:00+00:00;43.00;42.00;43.00
2023-09-28;23;100.00;-1.50;-1.49;0.00;0.87;2023-09-28 23:00:00+02:00;9.00;329.00;16.00;313.00;2023-09-28 21:00:00+00:00;45.00;46.00;45.00
2023-09-29;0;100.00;-1.50;-1.49;0.00;0.87;2023-09-29 00:00:00+02:00;9.00;251.00;11.00;240.00;2023-09-28 22:00:00+00:00;47.00;48.00;47.00
2023-09-29;1;100.00;-1.50;-1.49;0.00;0.87;2023-09-29 01:00:00+02:00;9.00;155.00;5.00;150.00;2023-09-28 23:00:00+00:00;49.00;51.00;49.00
2023-09-29;2;100.00;-1.50;-0.76;0.00;0.89;2023-09-29 02:00:00+02:00;9.00;137.00;3.00;134.00;2023-09-29 00:00:00+00:00;48.00;48.00;48.00
2023-09-29;3;100.00;-1.50;-0.76;0.00;0.89;2023-09-29 03:00:00+02:00;9.00;107.00;5.00;102.00;2023-09-29 01:00:00+00:00;48.00;49.00;48.00
2023-09-29;4;92.00;-1.50;-0.76;0.00;0.89;2023-09-29 04:00:00+02:00;9.00;94.00;11.00;83.00;2023-09-29 02:00:00+00:00;47.00;48.00;47.00
2023-09-29;5;92.00;-1.50;-0.76;0.00;0.89;2023-09-29 05:00:00+02:00;9.00;166.00;22.00;144.00;2023-09-29 03:00:00+00:00;46.00;47.00;46.00
2023-09-29;6;92.00;-1.50;-0.76;0.00;0.89;2023-09-29 06:00:00+02:00;9.00;375.00;27.00;348.00;2023-09-29 04:00:00+00:00;42.00;42.00;42.00
2023-09-29;7;100.00;-1.50;-0.76;0.00;0.89;2023-09-29 07:00:00+02:00;9.00;506.00;44.00;462.00;2023-09-29 05:00:00+00:00;40.00;40.00;40.00
2023-09-29;8;100.00;-1.50;-0.76;0.00;0.89;2023-09-29 08:00:00+02:00;9.00;590.00;37.00;553.00;2023-09-29 06:00:00+00:00;34.00;35.00;34.00
2023-09-29;9;100.00;-1.50;-0.76;0.00;0.89;2023-09-29 09:00:00+02:00;9.00;619.00;30.00;589.00;2023-09-29 07:00:00+00:00;36.00;38.00;36.00
2023-09-29;10;100.00;-1.50;-0.76;0.00;0.89;2023-09-29 10:00:00+02:00;9.00;609.00;26.00;583.00;2023-09-29 08:00:00+00:00;35.00;32.00;35.00
2023-09-29;11;100.00;-1.50;-0.76;0.00;0.89;2023-09-29 11:00:00+02:00;9.00;697.00;26.00;671.00;2023-09-29 09:00:00+00:00;37.00;37.00;37.00
2023-09-29;12;100.00;-1.50;-0.76;0.00;0.89;2023-09-29 12:00:00+02:00;9.00;669.00;20.00;649.00;2023-09-29 10:00:00+00:00;39.00;39.00;39.00
2023-09-29;13;100.00;-1.50;-0.76;0.00;0.89;2023-09-29 13:00:00+02:00;9.00;646.00;22.00;624.00;2023-09-29 11:00:00+00:00;37.00;36.00;37.00
2023-09-29;14;100.00;-1.50;-0.76;0.00;0.89;2023-09-29 14:00:00+02:00;9.00;807.00;22.00;785.00;2023-09-29 12:00:00+00:00;37.00;36.00;37.00
2023-09-29;15;100.00;-1.50;-0.76;0.00;0.89;2023-09-29 15:00:00+02:00;9.00;644.00;29.00;615.00;2023-09-29 13:00:00+00:00;34.00;33.00;34.00
2023-09-29;16;100.00;-1.50;-0.76;0.00;0.89;2023-09-29 16:00:00+02:00;9.00;639.00;22.00;617.00;2023-09-29 14:00:00+00:00;39.00;40.00;39.00
2023-09-29;17;100.00;-1.50;-0.76;0.00;0.89;2023-09-29 17:00:00+02:00;9.00;531.00;15.00;516.00;2023-09-29 15:00:00+00:00;31.00;35.00;31.00
2023-09-29;18;100.00;-1.50;-0.76;0.00;0.89;2023-09-29 18:00:00+02:00;9.00;735.00;12.00;723.00;2023-09-29 16:00:00+00:00;37.00;35.00;38.00
2023-09-29;19;100.00;-1.50;-0.76;0.00;0.89;2023-09-29 19:00:00+02:00;9.00;718.00;19.00;699.00;2023-09-29 17:00:00+00:00;38.00;38.00;37.00
2023-09-29;20;100.00;-1.50;-0.76;0.00;0.89;2023-09-29 20:00:00+02:00;9.00;561.00;15.00;546.00;2023-09-29 18:00:00+00:00;39.00;38.00;39.00
2023-09-29;21;100.00;-1.50;-0.76;0.00;0.89;2023-09-29 21:00:00+02:00;9.00;534.00;9.00;525.00;2023-09-29 19:00:00+00:00;43.00;43.00;43.00
2023-09-29;22;100.00;-1.50;-0.76;0.00;0.89;2023-09-29 22:00:00+02:00;9.00;548.00;5.00;543.00;2023-09-29 20:00:00+00:00;44.00;44.00;44.00
2023-09-29;23;75.00;-1.50;-0.76;0.00;0.89;2023-09-29 23:00:00+02:00;9.00;408.00;12.00;396.00;2023-09-29 21:00:00+00:00;47.00;47.00;47.00
2023-09-30;0;100.00;-1.50;-0.76;0.00;0.89;2023-09-30 00:00:00+02:00;9.00;336.00;8.00;328.00;2023-09-29 22:00:00+00:00;48.00;47.00;48.00
2023-09-30;1;100.00;-1.50;-0.76;0.00;0.89;2023-09-30 01:00:00+02:00;9.00;232.00;2.00;230.00;2023-09-29 23:00:00+00:00;52.00;51.00;52.00
2023-09-30;2;100.00;0.00;1.18;0.00;0.93;2023-09-30 02:00:00+02:00;9.00;196.00;7.00;189.00;2023-09-30 00:00:00+00:00;49.00;47.00;50.00
2023-09-30;3;100.00;0.00;1.18;0.00;0.93;2023-09-30 03:00:00+02:00;9.00;170.00;3.00;167.00;2023-09-30 01:00:00+00:00;48.00;47.00;48.00
2023-09-30;4;100.00;0.00;1.18;0.00;0.93;2023-09-30 04:00:00+02:00;9.00;130.00;2.00;128.00;2023-09-30 02:00:00+00:00;49.00;52.00;49.00
2023-09-30;5;100.00;0.00;1.18;0.00;0.93;2023-09-30 05:00:00+02:00;9.00;134.00;6.00;128.00;2023-09-30 03:00:00+00:00;49.00;50.00;49.00
2023-09-30;6;100.00;0.00;1.18;0.00;0.93;2023-09-30 06:00:00+02:00;9.00;159.00;12.00;147.00;2023-09-30 04:00:00+00:00;47.00;48.00;47.00
2023-09-30;7;92.00;0.00;1.18;0.00;0.93;2023-09-30 07:00:00+02:00;9.00;178.00;13.00;165.00;2023-09-30 05:00:00+00:00;46.00;47.00;46.00
2023-09-30;8;92.00;0.00;1.18;0.00;0.93;2023-09-30 08:00:00+02:00;9.00;275.00;19.00;256.00;2023-09-30 06:00:00+00:00;44.00;44.00;44.00
2023-09-30;9;92.00;0.00;1.18;0.00;0.93;2023-09-30 09:00:00+02:00;9.00;394.00;35.00;359.00;2023-09-30 07:00:00+00:00;41.00;41.00;41.00
2023-09-30;10;100.00;0.00;1.18;0.00;0.93;2023-09-30 10:00:00+02:00;9.00;555.00;20.00;535.00;2023-09-30 08:00:00+00:00;37.00;37.00;37.00
2023-09-30;11;100.00;0.00;1.18;0.00;0.93;2023-09-30 11:00:00+02:00;9.00;631.00;21.00;610.00;2023-09-30 09:00:00+00:00;39.00;39.00;39.00
2023-09-30;12;100.00;0.00;1.18;0.00;0.93;2023-09-30 12:00:00+02:00;9.00;642.00;35.00;607.00;2023-09-30 10:00:00+00:00;40.00;40.00;40.00
2023-09-30;13;100.00;0.00;1.18;0.00;0.93;2023-09-30 13:00:00+02:00;9.00;633.00;24.00;609.00;2023-09-30 11:00:00+00:00;41.00;41.00;41.00
2023-09-30;14;100.00;0.00;1.18;0.00;0.93;2023-09-30 14:00:00+02:00;9.00;724.00;33.00;691.00;2023-09-30 12:00:00+00:00;39.00;38.00;39.00
2023-09-30;15;100.00;0.00;1.18;0.00;0.93;2023-09-30 15:00:00+02:00;9.00;725.00;28.00;697.00;2023-09-30 13:00:00+00:00;36.00;37.00;36.00
2023-09-30;16;100.00;0.00;1.18;0.00;0.93;2023-09-30 16:00:00+02:00;9.00;632.00;27.00;605.00;2023-09-30 14:00:00+00:00;38.00;39.00;38.00
2023-09-30;17;100.00;0.00;1.18;0.00;0.93;2023-09-30 17:00:00+02:00;9.00;635.00;30.00;605.00;2023-09-30 15:00:00+00:00;38.00;36.00;38.00
2023-09-30;18;100.00;0.00;1.18;0.00;0.93;2023-09-30 18:00:00+02:00;9.00;725.00;26.00;699.00;2023-09-30 16:00:00+00:00;37.00;35.00;37.00
2023-09-30;19;100.00;0.00;1.18;0.00;0.93;2023-09-30 19:00:00+02:00;9.00;668.00;23.00;645.00;2023-09-30 17:00:00+00:00;39.00;38.00;39.00
2023-09-30;20;100.00;0.00;1.18;0.00;0.93;2023-09-30 20:00:00+02:00;9.00;566.00;20.00;546.00;2023-09-30 18:00:00+00:00;41.00;41.00;41.00
2023-09-30;21;100.00;0.00;1.18;0.00;0.93;2023-09-30 21:00:00+02:00;9.00;546.00;15.00;531.00;2023-09-30 19:00:00+00:00;43.00;43.00;43.00
2023-09-30;22;100.00;0.00;1.18;0.00;0.93;2023-09-30 22:00:00+02:00;9.00;502.00;15.00;487.00;2023-09-30 20:00:00+00:00;44.00;44.00;44.00
2023-09-30;23;100.00;0.00;1.18;0.00;0.93;2023-09-30 23:00:00+02:00;9.00;405.00;15.00;390.00;2023-09-30 21:00:00+00:00;47.00;46.00;47.00
